No. 1 wow
18,0.00039613547833359006,0,0.02564102564102564
No. 2 absolutely
18,0.00039613547833359006,3,0.0005600149337315662
No. 3 brilliant
19,0.00041814300490767843,1,0.00018667164457718873
No. 5 far
51,0.0011223838552785052,9,0.0016800448011946986
No. 14 came
16,0.0003521204251854134,0,0.02564102564102564
No. 15 across
6,0.00013204515944453002,2,0.00037334328915437746
No. 17 series
94,0.002068707497964304,15,0.002800074668657831
No. 21 admit
13,0.0002860978454631484,0,0.02564102564102564
No. 24 wasnt
20,0.00044015053148176674,4,0.0007466865783087549
No. 26 excited
13,0.0002860978454631484,1,0.00018667164457718873
No. 29 title
3,6.602257972226501e-05,0,0.02564102564102564
No. 31 decided
5,0.00011003763287044168,3,0.0005600149337315662
No. 33 give
35,0.0007702634300930919,5,0.0009333582228859437
No. 36 watch
48,0.0010563612755562402,7,0.0013067015120403211
No. 37 well
71,0.001562534386760272,7,0.0013067015120403211
No. 38 ive
48,0.0010563612755562402,3,0.0005600149337315662
No. 40 watched
26,0.0005721956909262968,2,0.00037334328915437746
No. 43 episode
622,0.013688681529082947,75,0.014000373343289154
No. 44 three
16,0.0003521204251854134,3,0.0005600149337315662
No. 45 times
13,0.0002860978454631484,2,0.00037334328915437746
No. 50 didnt
44,0.0009683311692598869,4,0.0007466865783087549
No. 51 realize
4,8.803010629635335e-05,1,0.00018667164457718873
No. 54 time
112,0.0024648429762978937,15,0.002800074668657831
No. 57 would
68,0.001496511807038007,5,0.0009333582228859437
No. 59 several
7,0.00015405268601861836,0,0.02564102564102564
No. 60 weeks
20,0.00044015053148176674,0,0.02564102564102564
No. 63 second
43,0.0009463236426857986,10,0.0018667164457718873
No. 66 air
4,8.803010629635335e-05,0,0.02564102564102564
No. 79 first
108,0.0023768128700015407,25,0.004666791114429718
No. 85 deep
10,0.00022007526574088337,1,0.00018667164457718873
No. 91 say
42,0.0009243161161117102,3,0.0005600149337315662
No. 92 though
34,0.0007482559035190035,2,0.00037334328915437746
No. 95 happen
16,0.0003521204251854134,0,0.02564102564102564
No. 101 perhaps
14,0.0003081053720372367,1,0.00018667164457718873
No. 102 im
81,0.0017826096525011554,8,0.0014933731566175099
No. 104 bit
34,0.0007482559035190035,4,0.0007466865783087549
No. 107 given
17,0.00037412795175950175,4,0.0007466865783087549
No. 112 reviews
10,0.00022007526574088337,1,0.00018667164457718873
No. 114 seems
33,0.0007262483769449151,7,0.0013067015120403211
No. 117 alone
7,0.00015405268601861836,0,0.02564102564102564
No. 119 fact
21,0.0004621580580558551,0,0.02564102564102564
No. 121 actually
34,0.0007482559035190035,2,0.00037334328915437746
No. 122 makes
55,0.0012104139615748586,8,0.0014933731566175099
No. 124 feel
45,0.0009903386958339752,3,0.0005600149337315662
No. 126 writing
26,0.0005721956909262968,4,0.0007466865783087549
No. 128 original
22,0.00048416558462994347,2,0.00037334328915437746
No. 132 premise
3,6.602257972226501e-05,2,0.00037334328915437746
No. 139 maybe
26,0.0005721956909262968,3,0.0005600149337315662
No. 153 sharp
4,8.803010629635335e-05,0,0.02564102564102564
No. 156 acting
44,0.0009683311692598869,4,0.0007466865783087549
No. 157 make
41,0.0009023085895376218,7,0.0013067015120403211
No. 158 common
5,0.00011003763287044168,0,0.02564102564102564
No. 159 narrative
4,8.803010629635335e-05,5,0.0009333582228859437
No. 162 fresh
5,0.00011003763287044168,1,0.00018667164457718873
No. 164 weve
13,0.0002860978454631484,0,0.02564102564102564
No. 166 seen
65,0.001430489227315742,5,0.0009333582228859437
No. 169 genius
8,0.0001760602125927067,1,0.00018667164457718873
No. 170 like
153,0.0033671515658355157,17,0.0031734179578122084
No. 173 house
6,0.00013204515944453002,0,0.02564102564102564
No. 175 many
48,0.0010563612755562402,8,0.0014933731566175099
No. 176 television
27,0.0005942032175003852,2,0.00037334328915437746
No. 179 also
93,0.0020466999713902156,11,0.002053388090349076
No. 183 thing
43,0.0009463236426857986,5,0.0009333582228859437
No. 185 follow
5,0.00011003763287044168,1,0.00018667164457718873
No. 187 group
5,0.00011003763287044168,4,0.0007466865783087549
No. 188 bringing
3,6.602257972226501e-05,0,0.02564102564102564
No. 193 plan
16,0.0003521204251854134,1,0.00018667164457718873
No. 194 reminds
4,8.803010629635335e-05,1,0.00018667164457718873
No. 197 fight
20,0.00044015053148176674,3,0.0005600149337315662
No. 198 club
13,0.0002860978454631484,2,0.00037334328915437746
No. 204 shows
55,0.0012104139615748586,2,0.00037334328915437746
No. 206 movies
9,0.00019806773916679503,1,0.00018667164457718873
No. 208 hackers
6,0.00013204515944453002,2,0.00037334328915437746
No. 216 apart
10,0.00022007526574088337,0,0.02564102564102564
No. 221 directing
17,0.00037412795175950175,0,0.02564102564102564
No. 227 whole
52,0.0011443913818525936,2,0.00037334328915437746
No. 229 feels
21,0.0004621580580558551,2,0.00037334328915437746
No. 230 surprisingly
4,8.803010629635335e-05,1,0.00018667164457718873
No. 234 going
60,0.0013204515944453003,6,0.0011200298674631324
No. 236 go
42,0.0009243161161117102,7,0.0013067015120403211
No. 241 lead
8,0.0001760602125927067,3,0.0005600149337315662
No. 243 great
94,0.002068707497964304,10,0.0018667164457718873
No. 245 written
13,0.0002860978454631484,0,0.02564102564102564
No. 246 character
80,0.001760602125927067,14,0.0026134030240806422
No. 249 dont
58,0.0012764365412971236,16,0.0029867463132350197
No. 250 want
26,0.0005721956909262968,3,0.0005600149337315662
No. 255 anyone
15,0.0003301128986113251,2,0.00037334328915437746
No. 260 enough
20,0.00044015053148176674,5,0.0009333582228859437
No. 268 try
9,0.00019806773916679503,0,0.02564102564102564
No. 271 gritty
6,0.00013204515944453002,0,0.02564102564102564
No. 278 face
11,0.00024208279231497173,2,0.00037334328915437746
No. 289 subtle
7,0.00015405268601861836,1,0.00018667164457718873
No. 291 interesting
35,0.0007702634300930919,8,0.0014933731566175099
No. 292 balance
5,0.00011003763287044168,1,0.00018667164457718873
No. 298 good
79,0.0017385945993529787,22,0.004106776180698152
No. 300 really
99,0.0021787451308347455,14,0.0026134030240806422
No. 301 looking
6,0.00013204515944453002,1,0.00018667164457718873
No. 302 forward
9,0.00019806773916679503,1,0.00018667164457718873
No. 304 seeing
21,0.0004621580580558551,1,0.00018667164457718873
No. 306 happens
9,0.00019806773916679503,2,0.00037334328915437746
No. 313 plot
42,0.0009243161161117102,7,0.0013067015120403211
No. 314 twist
35,0.0007702634300930919,5,0.0009333582228859437
No. 317 end
76,0.0016725720196307137,6,0.0011200298674631324
No. 324 mr
215,0.004731618213428992,25,0.004666791114429718
No. 325 robot
163,0.003587226831576399,26,0.004853462759006907
No. 327 usa
11,0.00024208279231497173,1,0.00018667164457718873
No. 328 network
5,0.00011003763287044168,1,0.00018667164457718873
No. 330 tv
71,0.001562534386760272,4,0.0007466865783087549
No. 331 channel
3,6.602257972226501e-05,0,0.02564102564102564
No. 339 among
3,6.602257972226501e-05,0,0.02564102564102564
No. 342 none
5,0.00011003763287044168,0,0.02564102564102564
No. 346 interested
3,6.602257972226501e-05,1,0.00018667164457718873
No. 354 saw
14,0.0003081053720372367,0,0.02564102564102564
No. 359 days
10,0.00022007526574088337,2,0.00037334328915437746
No. 360 ago
8,0.0001760602125927067,0,0.02564102564102564
No. 364 hooked
10,0.00022007526574088337,0,0.02564102564102564
No. 368 sense
27,0.0005942032175003852,9,0.0016800448011946986
No. 374 main
24,0.0005281806377781201,2,0.00037334328915437746
No. 376 narrating
3,6.602257972226501e-05,0,0.02564102564102564
No. 380 last
94,0.002068707497964304,4,0.0007466865783087549
No. 381 night
5,0.00011003763287044168,3,0.0005600149337315662
No. 384 loved
21,0.0004621580580558551,3,0.0005600149337315662
No. 386 keep
25,0.0005501881643522084,6,0.0011200298674631324
No. 388 story
77,0.001694579546204802,8,0.0014933731566175099
No. 389 short
10,0.00022007526574088337,0,0.02564102564102564
No. 391 basically
4,8.803010629635335e-05,2,0.00037334328915437746
No. 397 hacker
9,0.00019806773916679503,4,0.0007466865783087549
No. 398 named
5,0.00011003763287044168,0,0.02564102564102564
No. 399 elliot
272,0.005986047228152028,30,0.005600149337315662
No. 402 trouble
3,6.602257972226501e-05,0,0.02564102564102564
No. 405 people
49,0.0010783688021303286,9,0.0016800448011946986
No. 409 hacks
7,0.00015405268601861836,0,0.02564102564102564
No. 411 peoples
8,0.0001760602125927067,1,0.00018667164457718873
No. 412 personal
15,0.0003301128986113251,2,0.00037334328915437746
No. 413 lives
8,0.0001760602125927067,0,0.02564102564102564
No. 414 showing
8,0.0001760602125927067,0,0.02564102564102564
No. 419 way
84,0.0018486322322234204,14,0.0026134030240806422
No. 421 connects
3,6.602257972226501e-05,0,0.02564102564102564
No. 424 christian
16,0.0003521204251854134,9,0.0016800448011946986
No. 425 slater
15,0.0003301128986113251,7,0.0013067015120403211
No. 426 plays
16,0.0003521204251854134,1,0.00018667164457718873
No. 428 man
21,0.0004621580580558551,3,0.0005600149337315662
No. 434 secret
3,6.602257972226501e-05,1,0.00018667164457718873
No. 438 called
7,0.00015405268601861836,1,0.00018667164457718873
No. 439 fsociety
25,0.0005501881643522084,2,0.00037334328915437746
No. 443 take
33,0.0007262483769449151,4,0.0007466865783087549
No. 447 men
7,0.00015405268601861836,1,0.00018667164457718873
No. 454 supporting
3,6.602257972226501e-05,0,0.02564102564102564
No. 455 characters
73,0.0016065494399084487,9,0.0016800448011946986
No. 458 gideon
3,6.602257972226501e-05,0,0.02564102564102564
No. 461 elliots
63,0.0013864741741675653,4,0.0007466865783087549
No. 462 boss
5,0.00011003763287044168,1,0.00018667164457718873
No. 465 work
29,0.0006382182706485618,4,0.0007466865783087549
No. 469 close
9,0.00019806773916679503,1,0.00018667164457718873
No. 470 friend
6,0.00013204515944453002,0,0.02564102564102564
No. 471 angela
87,0.0019146548119456854,3,0.0005600149337315662
No. 477 pilot
27,0.0005942032175003852,2,0.00037334328915437746
No. 479 perfect
35,0.0007702634300930919,1,0.00018667164457718873
No. 481 intriguing
7,0.00015405268601861836,1,0.00018667164457718873
No. 484 beginning
19,0.00041814300490767843,1,0.00018667164457718873
No. 489 fan
7,0.00015405268601861836,0,0.02564102564102564
No. 497 shot
28,0.0006162107440744734,2,0.00037334328915437746
No. 501 watching
37,0.0008142784832412685,12,0.002240059734926265
No. 502 next
43,0.0009463236426857986,6,0.0011200298674631324
No. 519 season
239,0.005259798851207113,31,0.005786820981892851
No. 528 2
59,0.0012984440678712118,8,0.0014933731566175099
No. 531 even
98,0.0021567376042606573,8,0.0014933731566175099
No. 532 aired
4,8.803010629635335e-05,0,0.02564102564102564
No. 533 simple
11,0.00024208279231497173,0,0.02564102564102564
No. 534 amazing
35,0.0007702634300930919,3,0.0005600149337315662
No. 536 third
13,0.0002860978454631484,0,0.02564102564102564
No. 543 getting
31,0.0006822333237967385,2,0.00037334328915437746
No. 544 better
46,0.0010123462224080637,5,0.0009333582228859437
No. 545 every
53,0.0011663989084266819,3,0.0005600149337315662
No. 548 glad
7,0.00015405268601861836,0,0.02564102564102564
No. 550 malek
37,0.0008142784832412685,7,0.0013067015120403211
No. 552 golden
4,8.803010629635335e-05,0,0.02564102564102564
No. 554 win
3,6.602257972226501e-05,0,0.02564102564102564
No. 564 emmy
5,0.00011003763287044168,0,0.02564102564102564
No. 572 dialogue
14,0.0003081053720372367,0,0.02564102564102564
No. 574 outstanding
10,0.00022007526574088337,0,0.02564102564102564
No. 582 modern
3,6.602257972226501e-05,4,0.0007466865783087549
No. 583 society
14,0.0003081053720372367,4,0.0007466865783087549
No. 585 let
10,0.00022007526574088337,3,0.0005600149337315662
No. 590 right
36,0.0007922709566671801,2,0.00037334328915437746
No. 593 bat
3,6.602257972226501e-05,0,0.02564102564102564
No. 601 episodes
89,0.001958669865093862,15,0.002800074668657831
No. 605 one
238,0.005237791324633025,30,0.005600149337315662
No. 608 best
98,0.0021567376042606573,3,0.0005600149337315662
No. 610 get
85,0.0018706397587975087,8,0.0014933731566175099
No. 612 learn
8,0.0001760602125927067,0,0.02564102564102564
No. 614 much
91,0.0020026849182420386,22,0.004106776180698152
No. 615 information
11,0.00024208279231497173,1,0.00018667164457718873
No. 621 overall
17,0.00037412795175950175,3,0.0005600149337315662
No. 628 seriously
8,0.0001760602125927067,0,0.02564102564102564
No. 630 rami
33,0.0007262483769449151,5,0.0009333582228859437
No. 631 maleks
5,0.00011003763287044168,0,0.02564102564102564
No. 632 performance
11,0.00024208279231497173,1,0.00018667164457718873
No. 638 think
46,0.0010123462224080637,14,0.0026134030240806422
No. 644 havent
6,0.00013204515944453002,1,0.00018667164457718873
No. 650 guy
17,0.00037412795175950175,4,0.0007466865783087549
No. 651 yet
42,0.0009243161161117102,7,0.0013067015120403211
No. 658 protagonist
3,6.602257972226501e-05,2,0.00037334328915437746
No. 664 least
23,0.0005061731112040318,3,0.0005600149337315662
No. 667 cant
42,0.0009243161161117102,3,0.0005600149337315662
No. 668 help
16,0.0003521204251854134,4,0.0007466865783087549
No. 672 towards
8,0.0001760602125927067,2,0.00037334328915437746
No. 677 use
15,0.0003301128986113251,1,0.00018667164457718873
No. 680 narration
7,0.00015405268601861836,1,0.00018667164457718873
No. 681 helps
5,0.00011003763287044168,0,0.02564102564102564
No. 682 us
71,0.001562534386760272,1,0.00018667164457718873
No. 683 view
6,0.00013204515944453002,1,0.00018667164457718873
No. 687 realistic
9,0.00019806773916679503,0,0.02564102564102564
No. 694 eyes
11,0.00024208279231497173,1,0.00018667164457718873
No. 698 difficult
3,6.602257972226501e-05,0,0.02564102564102564
No. 700 agree
3,6.602257972226501e-05,0,0.02564102564102564
No. 705 takes
19,0.00041814300490767843,2,0.00037334328915437746
No. 707 different
26,0.0005721956909262968,1,0.00018667164457718873
No. 708 approach
7,0.00015405268601861836,0,0.02564102564102564
No. 712 real
42,0.0009243161161117102,9,0.0016800448011946986
No. 713 world
31,0.0006822333237967385,7,0.0013067015120403211
No. 714 clearly
4,8.803010629635335e-05,1,0.00018667164457718873
No. 728 big
35,0.0007702634300930919,4,0.0007466865783087549
No. 729 corporations
3,6.602257972226501e-05,3,0.0005600149337315662
No. 747 audience
15,0.0003301128986113251,2,0.00037334328915437746
No. 751 question
18,0.00039613547833359006,0,0.02564102564102564
No. 752 whether
17,0.00037412795175950175,1,0.00018667164457718873
No. 761 hes
23,0.0005061731112040318,4,0.0007466865783087549
No. 764 bad
30,0.0006602257972226502,3,0.0005600149337315662
No. 771 making
28,0.0006162107440744734,1,0.00018667164457718873
No. 775 greater
5,0.00011003763287044168,1,0.00018667164457718873
No. 781 see
95,0.002090715024538392,6,0.0011200298674631324
No. 783 thats
24,0.0005281806377781201,3,0.0005600149337315662
No. 785 true
18,0.00039613547833359006,2,0.00037334328915437746
No. 789 show
229,0.00503972358546623,35,0.006533507560201606
No. 790 decides
7,0.00015405268601861836,0,0.02564102564102564
No. 797 complex
9,0.00019806773916679503,1,0.00018667164457718873
No. 808 hope
20,0.00044015053148176674,3,0.0005600149337315662
No. 809 future
17,0.00037412795175950175,2,0.00037334328915437746
No. 811 continue
8,0.0001760602125927067,3,0.0005600149337315662
No. 815 pace
15,0.0003301128986113251,2,0.00037334328915437746
No. 820 intensity
6,0.00013204515944453002,0,0.02564102564102564
No. 830 evil
28,0.0006162107440744734,9,0.0016800448011946986
No. 838 ever
50,0.001100376328704417,2,0.00037334328915437746
No. 840 reviewers
6,0.00013204515944453002,0,0.02564102564102564
No. 841 especially
31,0.0006822333237967385,1,0.00018667164457718873
No. 842 top
20,0.00044015053148176674,0,0.02564102564102564
No. 845 supposed
3,6.602257972226501e-05,1,0.00018667164457718873
No. 848 able
9,0.00019806773916679503,2,0.00037334328915437746
No. 865 could
41,0.0009023085895376218,5,0.0009333582228859437
No. 868 love
43,0.0009463236426857986,4,0.0007466865783087549
No. 873 might
25,0.0005501881643522084,2,0.00037334328915437746
No. 874 become
12,0.00026409031888906004,1,0.00018667164457718873
No. 879 need
21,0.0004621580580558551,0,0.02564102564102564
No. 886 moment
24,0.0005281806377781201,4,0.0007466865783087549
No. 893 forget
8,0.0001760602125927067,0,0.02564102564102564
No. 900 since
30,0.0006602257972226502,3,0.0005600149337315662
No. 901 god
5,0.00011003763287044168,0,0.02564102564102564
No. 911 dark
48,0.0010563612755562402,0,0.02564102564102564
No. 913 literally
12,0.00026409031888906004,1,0.00018667164457718873
No. 922 look
16,0.0003521204251854134,1,0.00018667164457718873
No. 928 set
13,0.0002860978454631484,1,0.00018667164457718873
No. 936 line
14,0.0003081053720372367,2,0.00037334328915437746
No. 938 dialog
3,6.602257972226501e-05,0,0.02564102564102564
No. 942 point
38,0.0008362860098153569,2,0.00037334328915437746
No. 945 1
25,0.0005501881643522084,3,0.0005600149337315662
No. 949 girlfriend
3,6.602257972226501e-05,0,0.02564102564102564
No. 958 drugs
7,0.00015405268601861836,1,0.00018667164457718873
No. 961 two
38,0.0008362860098153569,5,0.0009333582228859437
No. 968 form
5,0.00011003763287044168,0,0.02564102564102564
No. 974 young
6,0.00013204515944453002,0,0.02564102564102564
No. 977 gorgeous
3,6.602257972226501e-05,0,0.02564102564102564
No. 981 everyone
20,0.00044015053148176674,2,0.00037334328915437746
No. 986 including
5,0.00011003763287044168,0,0.02564102564102564
No. 991 writers
8,0.0001760602125927067,5,0.0009333582228859437
No. 997 ill
12,0.00026409031888906004,3,0.0005600149337315662
No. 1004 pause
3,6.602257972226501e-05,0,0.02564102564102564
No. 1011 dating
3,6.602257972226501e-05,0,0.02564102564102564
No. 1016 hours
4,8.803010629635335e-05,0,0.02564102564102564
No. 1022 find
26,0.0005721956909262968,2,0.00037334328915437746
No. 1028 tight
3,6.602257972226501e-05,0,0.02564102564102564
No. 1034 manages
4,8.803010629635335e-05,0,0.02564102564102564
No. 1040 sequence
10,0.00022007526574088337,4,0.0007466865783087549
No. 1057 nice
9,0.00019806773916679503,0,0.02564102564102564
No. 1062 liked
11,0.00024208279231497173,3,0.0005600149337315662
No. 1065 made
40,0.0008803010629635335,9,0.0016800448011946986
No. 1067 viewer
29,0.0006382182706485618,2,0.00037334328915437746
No. 1083 fantastic
17,0.00037412795175950175,1,0.00018667164457718873
No. 1093 everything
58,0.0012764365412971236,3,0.0005600149337315662
No. 1116 completely
22,0.00048416558462994347,1,0.00018667164457718873
No. 1119 breaking
27,0.0005942032175003852,1,0.00018667164457718873
No. 1125 immersive
3,6.602257972226501e-05,1,0.00018667164457718873
No. 1130 example
13,0.0002860978454631484,1,0.00018667164457718873
No. 1134 elliott
3,6.602257972226501e-05,0,0.02564102564102564
No. 1140 surely
8,0.0001760602125927067,1,0.00018667164457718873
No. 1145 storyline
11,0.00024208279231497173,0,0.02564102564102564
No. 1147 sure
27,0.0005942032175003852,3,0.0005600149337315662
No. 1150 tyrell
70,0.0015405268601861837,7,0.0013067015120403211
No. 1151 darlene
70,0.0015405268601861837,0,0.02564102564102564
No. 1154 mysterious
6,0.00013204515944453002,4,0.0007466865783087549
No. 1159 lots
5,0.00011003763287044168,1,0.00018667164457718873
No. 1179 doesnt
42,0.0009243161161117102,9,0.0016800448011946986
No. 1181 anything
31,0.0006822333237967385,2,0.00037334328915437746
No. 1182 else
16,0.0003521204251854134,1,0.00018667164457718873
No. 1184 music
31,0.0006822333237967385,1,0.00018667164457718873
No. 1186 cinematography
32,0.0007042408503708268,2,0.00037334328915437746
No. 1188 filming
3,6.602257972226501e-05,1,0.00018667164457718873
No. 1189 style
18,0.00039613547833359006,2,0.00037334328915437746
No. 1193 unique
14,0.0003081053720372367,2,0.00037334328915437746
No. 1217 problems
4,8.803010629635335e-05,0,0.02564102564102564
No. 1222 deal
6,0.00013204515944453002,1,0.00018667164457718873
No. 1226 daily
3,6.602257972226501e-05,0,0.02564102564102564
No. 1233 definitely
21,0.0004621580580558551,3,0.0005600149337315662
No. 1237 wait
31,0.0006822333237967385,1,0.00018667164457718873
No. 1247 highly
6,0.00013204515944453002,2,0.00037334328915437746
No. 1257 robots
13,0.0002860978454631484,0,0.02564102564102564
No. 1262 case
19,0.00041814300490767843,0,0.02564102564102564
No. 1273 visuals
3,6.602257972226501e-05,0,0.02564102564102564
No. 1302 told
4,8.803010629635335e-05,1,0.00018667164457718873
No. 1304 pop
3,6.602257972226501e-05,1,0.00018667164457718873
No. 1310 possible
13,0.0002860978454631484,1,0.00018667164457718873
No. 1313 typical
3,6.602257972226501e-05,1,0.00018667164457718873
No. 1317 works
8,0.0001760602125927067,0,0.02564102564102564
No. 1321 guys
5,0.00011003763287044168,3,0.0005600149337315662
No. 1325 directly
6,0.00013204515944453002,0,0.02564102564102564
No. 1340 fish
3,6.602257972226501e-05,1,0.00018667164457718873
No. 1358 away
25,0.0005501881643522084,1,0.00018667164457718873
No. 1368 beings
3,6.602257972226501e-05,0,0.02564102564102564
No. 1369 without
27,0.0005942032175003852,1,0.00018667164457718873
No. 1370 heart
8,0.0001760602125927067,1,0.00018667164457718873
No. 1374 money
6,0.00013204515944453002,1,0.00018667164457718873
No. 1375 life
40,0.0008803010629635335,6,0.0011200298674631324
No. 1378 yeah
7,0.00015405268601861836,1,0.00018667164457718873
No. 1381 sees
4,8.803010629635335e-05,1,0.00018667164457718873
No. 1387 reading
5,0.00011003763287044168,2,0.00037334328915437746
No. 1390 book
4,8.803010629635335e-05,0,0.02564102564102564
No. 1394 following
8,0.0001760602125927067,1,0.00018667164457718873
No. 1415 oh
16,0.0003521204251854134,0,0.02564102564102564
No. 1420 part
39,0.0008582935363894452,12,0.002240059734926265
No. 1423 system
5,0.00011003763287044168,0,0.02564102564102564
No. 1428 calls
3,6.602257972226501e-05,0,0.02564102564102564
No. 1431 feeling
12,0.00026409031888906004,1,0.00018667164457718873
No. 1441 knowing
6,0.00013204515944453002,0,0.02564102564102564
No. 1454 becomes
8,0.0001760602125927067,1,0.00018667164457718873
No. 1467 gets
30,0.0006602257972226502,1,0.00018667164457718873
No. 1469 starting
9,0.00019806773916679503,0,0.02564102564102564
No. 1485 little
35,0.0007702634300930919,4,0.0007466865783087549
No. 1489 slaters
3,6.602257972226501e-05,2,0.00037334328915437746
No. 1508 wants
9,0.00019806773916679503,1,0.00018667164457718873
No. 1511 action
16,0.0003521204251854134,0,0.02564102564102564
No. 1513 side
10,0.00022007526574088337,2,0.00037334328915437746
No. 1518 job
13,0.0002860978454631484,2,0.00037334328915437746
No. 1522 notch
7,0.00015405268601861836,0,0.02564102564102564
No. 1523 quality
9,0.00019806773916679503,4,0.0007466865783087549
No. 1556 front
8,0.0001760602125927067,1,0.00018667164457718873
No. 1559 screen
13,0.0002860978454631484,0,0.02564102564102564
No. 1570 majority
4,8.803010629635335e-05,0,0.02564102564102564
No. 1578 quiet
3,6.602257972226501e-05,0,0.02564102564102564
No. 1585 similar
11,0.00024208279231497173,0,0.02564102564102564
No. 1598 esmail
59,0.0012984440678712118,2,0.00037334328915437746
No. 1600 start
24,0.0005281806377781201,2,0.00037334328915437746
No. 1605 similarities
3,6.602257972226501e-05,0,0.02564102564102564
No. 1607 fightclub
3,6.602257972226501e-05,0,0.02564102564102564
No. 1613 person
18,0.00039613547833359006,0,0.02564102564102564
No. 1621 still
65,0.001430489227315742,8,0.0014933731566175099
No. 1633 played
9,0.00019806773916679503,1,0.00018667164457718873
No. 1635 alderson
16,0.0003521204251854134,1,0.00018667164457718873
No. 1647 hoping
3,6.602257972226501e-05,0,0.02564102564102564
No. 1651 build
11,0.00024208279231497173,0,0.02564102564102564
No. 1654 rest
23,0.0005061731112040318,3,0.0005600149337315662
No. 1666 telling
7,0.00015405268601861836,0,0.02564102564102564
No. 1668 lose
6,0.00013204515944453002,0,0.02564102564102564
No. 1670 viewers
12,0.00026409031888906004,0,0.02564102564102564
No. 1674 technical
6,0.00013204515944453002,0,0.02564102564102564
No. 1676 used
9,0.00019806773916679503,1,0.00018667164457718873
No. 1686 easy
5,0.00011003763287044168,0,0.02564102564102564
No. 1688 throw
3,6.602257972226501e-05,1,0.00018667164457718873
No. 1691 tech
4,8.803010629635335e-05,1,0.00018667164457718873
No. 1694 couldnt
10,0.00022007526574088337,3,0.0005600149337315662
No. 1699 direct
4,8.803010629635335e-05,0,0.02564102564102564
No. 1700 attack
6,0.00013204515944453002,2,0.00037334328915437746
No. 1704 corp
20,0.00044015053148176674,6,0.0011200298674631324
No. 1714 wrong
13,0.0002860978454631484,1,0.00018667164457718873
No. 1718 done
27,0.0005942032175003852,2,0.00037334328915437746
No. 1722 clever
7,0.00015405268601861836,3,0.0005600149337315662
No. 1723 lines
11,0.00024208279231497173,3,0.0005600149337315662
No. 1732 promising
4,8.803010629635335e-05,3,0.0005600149337315662
No. 1735 wouldnt
12,0.00026409031888906004,2,0.00037334328915437746
No. 1739 disappointed
6,0.00013204515944453002,0,0.02564102564102564
No. 1747 put
14,0.0003081053720372367,1,0.00018667164457718873
No. 1761 exist
5,0.00011003763287044168,0,0.02564102564102564
No. 1763 conditions
3,6.602257972226501e-05,0,0.02564102564102564
No. 1766 please
4,8.803010629635335e-05,4,0.0007466865783087549
No. 1778 wide
5,0.00011003763287044168,0,0.02564102564102564
No. 1802 dexter
3,6.602257972226501e-05,0,0.02564102564102564
No. 1808 ways
13,0.0002860978454631484,2,0.00037334328915437746
No. 1809 okay
15,0.0003301128986113251,1,0.00018667164457718873
No. 1840 break
9,0.00019806773916679503,1,0.00018667164457718873
No. 1851 yes
15,0.0003301128986113251,2,0.00037334328915437746
No. 1860 mostly
9,0.00019806773916679503,3,0.0005600149337315662
No. 1889 soul
4,8.803010629635335e-05,0,0.02564102564102564
No. 1891 got
38,0.0008362860098153569,4,0.0007466865783087549
No. 1894 buildings
3,6.602257972226501e-05,0,0.02564102564102564
No. 1909 importantly
4,8.803010629635335e-05,0,0.02564102564102564
No. 1919 truth
6,0.00013204515944453002,0,0.02564102564102564
No. 1922 things
58,0.0012764365412971236,1,0.00018667164457718873
No. 1928 trying
29,0.0006382182706485618,1,0.00018667164457718873
No. 1947 seem
20,0.00044015053148176674,1,0.00018667164457718873
No. 1957 hacked
4,8.803010629635335e-05,3,0.0005600149337315662
No. 1958 ones
12,0.00026409031888906004,1,0.00018667164457718873
No. 1964 darker
8,0.0001760602125927067,0,0.02564102564102564
No. 1967 kind
27,0.0005942032175003852,3,0.0005600149337315662
No. 1990 around
18,0.00039613547833359006,1,0.00018667164457718873
No. 1993 city
5,0.00011003763287044168,0,0.02564102564102564
No. 1996 dead
8,0.0001760602125927067,0,0.02564102564102564
No. 1998 alive
3,6.602257972226501e-05,0,0.02564102564102564
No. 2008 ps
4,8.803010629635335e-05,0,0.02564102564102564
No. 2016 along
10,0.00022007526574088337,3,0.0005600149337315662
No. 2018 ms
13,0.0002860978454631484,0,0.02564102564102564
No. 2019 carly
3,6.602257972226501e-05,0,0.02564102564102564
No. 2020 chaikin
4,8.803010629635335e-05,0,0.02564102564102564
No. 2021 started
14,0.0003081053720372367,2,0.00037334328915437746
No. 2024 probably
25,0.0005501881643522084,2,0.00037334328915437746
No. 2039 back
44,0.0009683311692598869,9,0.0016800448011946986
No. 2053 portia
8,0.0001760602125927067,1,0.00018667164457718873
No. 2059 saying
7,0.00015405268601861836,3,0.0005600149337315662
No. 2062 culture
4,8.803010629635335e-05,1,0.00018667164457718873
No. 2068 said
15,0.0003301128986113251,0,0.02564102564102564
No. 2071 allah
4,8.803010629635335e-05,0,0.02564102564102564
No. 2077 strong
6,0.00013204515944453002,3,0.0005600149337315662
No. 2080 support
3,6.602257972226501e-05,1,0.00018667164457718873
No. 2087 sahih
3,6.602257972226501e-05,0,0.02564102564102564
No. 2088 authentic
3,6.602257972226501e-05,0,0.02564102564102564
No. 2089 according
3,6.602257972226501e-05,1,0.00018667164457718873
No. 2092 spoiler
4,8.803010629635335e-05,1,0.00018667164457718873
No. 2093 free
5,0.00011003763287044168,0,0.02564102564102564
No. 2105 know
50,0.001100376328704417,9,0.0016800448011946986
No. 2121 darkness
4,8.803010629635335e-05,1,0.00018667164457718873
No. 2147 excellent
15,0.0003301128986113251,1,0.00018667164457718873
No. 2153 almost
22,0.00048416558462994347,2,0.00037334328915437746
No. 2162 incredible
20,0.00044015053148176674,1,0.00018667164457718873
No. 2168 gives
13,0.0002860978454631484,0,0.02564102564102564
No. 2171 stand
4,8.803010629635335e-05,0,0.02564102564102564
No. 2179 tell
13,0.0002860978454631484,2,0.00037334328915437746
No. 2182 hacking
13,0.0002860978454631484,2,0.00037334328915437746
No. 2190 open
7,0.00015405268601861836,0,0.02564102564102564
No. 2194 sets
7,0.00015405268601861836,0,0.02564102564102564
No. 2197 themes
3,6.602257972226501e-05,0,0.02564102564102564
No. 2234 special
3,6.602257972226501e-05,0,0.02564102564102564
No. 2235 although
14,0.0003081053720372367,4,0.0007466865783087549
No. 2237 shots
5,0.00011003763287044168,0,0.02564102564102564
No. 2241 crafted
5,0.00011003763287044168,0,0.02564102564102564
No. 2242 finally
28,0.0006162107440744734,1,0.00018667164457718873
No. 2255 massively
3,6.602257972226501e-05,0,0.02564102564102564
No. 2256 raises
4,8.803010629635335e-05,0,0.02564102564102564
No. 2258 tension
27,0.0005942032175003852,2,0.00037334328915437746
No. 2265 scene
99,0.0021787451308347455,8,0.0014933731566175099
No. 2276 role
10,0.00022007526574088337,2,0.00037334328915437746
No. 2283 persona
3,6.602257972226501e-05,1,0.00018667164457718873
No. 2297 data
3,6.602257972226501e-05,1,0.00018667164457718873
No. 2300 paranoia
4,8.803010629635335e-05,0,0.02564102564102564
No. 2303 corps
4,8.803010629635335e-05,1,0.00018667164457718873
No. 2306 black
11,0.00024208279231497173,1,0.00018667164457718873
No. 2316 team
7,0.00015405268601861836,0,0.02564102564102564
No. 2322 mystery
11,0.00024208279231497173,0,0.02564102564102564
No. 2325 new
36,0.0007922709566671801,2,0.00037334328915437746
No. 2334 somewhat
5,0.00011003763287044168,0,0.02564102564102564
No. 2337 alternate
4,8.803010629635335e-05,0,0.02564102564102564
No. 2338 universe
3,6.602257972226501e-05,0,0.02564102564102564
No. 2341 commentary
5,0.00011003763287044168,1,0.00018667164457718873
No. 2343 corporate
3,6.602257972226501e-05,2,0.00037334328915437746
No. 2346 class
3,6.602257972226501e-05,0,0.02564102564102564
No. 2349 captivating
6,0.00013204515944453002,2,0.00037334328915437746
No. 2351 took
8,0.0001760602125927067,2,0.00037334328915437746
No. 2359 discovered
3,6.602257972226501e-05,0,0.02564102564102564
No. 2365 seasons
23,0.0005061731112040318,1,0.00018667164457718873
No. 2372 already
16,0.0003521204251854134,2,0.00037334328915437746
No. 2377 opening
18,0.00039613547833359006,4,0.0007466865783087549
No. 2395 fine
8,0.0001760602125927067,2,0.00037334328915437746
No. 2396 actor
13,0.0002860978454631484,1,0.00018667164457718873
No. 2398 personality
10,0.00022007526574088337,0,0.02564102564102564
No. 2401 opposite
5,0.00011003763287044168,0,0.02564102564102564
No. 2406 usually
9,0.00019806773916679503,1,0.00018667164457718873
No. 2409 warning
4,8.803010629635335e-05,0,0.02564102564102564
No. 2419 cast
14,0.0003081053720372367,1,0.00018667164457718873
No. 2432 held
4,8.803010629635335e-05,0,0.02564102564102564
No. 2434 four
5,0.00011003763287044168,3,0.0005600149337315662
No. 2438 date
6,0.00013204515944453002,0,0.02564102564102564
No. 2443 deserves
5,0.00011003763287044168,1,0.00018667164457718873
No. 2445 benefit
4,8.803010629635335e-05,1,0.00018667164457718873
No. 2448 doubt
10,0.00022007526574088337,1,0.00018667164457718873
No. 2455 come
35,0.0007702634300930919,6,0.0011200298674631324
No. 2474 stranger
3,6.602257972226501e-05,0,0.02564102564102564
No. 2492 quite
29,0.0006382182706485618,5,0.0009333582228859437
No. 2506 something
60,0.0013204515944453003,4,0.0007466865783087549
No. 2510 often
10,0.00022007526574088337,1,0.00018667164457718873
No. 2522 add
6,0.00013204515944453002,2,0.00037334328915437746
No. 2533 thus
4,8.803010629635335e-05,1,0.00018667164457718873
No. 2542 either
7,0.00015405268601861836,1,0.00018667164457718873
No. 2543 fails
4,8.803010629635335e-05,1,0.00018667164457718873
No. 2547 attention
10,0.00022007526574088337,2,0.00037334328915437746
No. 2550 plain
4,8.803010629635335e-05,0,0.02564102564102564
No. 2553 successfully
5,0.00011003763287044168,0,0.02564102564102564
No. 2565 previous
23,0.0005061731112040318,3,0.0005600149337315662
No. 2570 showed
7,0.00015405268601861836,0,0.02564102564102564
No. 2574 absolute
9,0.00019806773916679503,0,0.02564102564102564
No. 2575 power
14,0.0003081053720372367,1,0.00018667164457718873
No. 2577 ability
3,6.602257972226501e-05,0,0.02564102564102564
No. 2582 manipulate
3,6.602257972226501e-05,0,0.02564102564102564
No. 2587 uses
3,6.602257972226501e-05,2,0.00037334328915437746
No. 2590 fit
6,0.00013204515944453002,1,0.00018667164457718873
No. 2600 reasons
4,8.803010629635335e-05,0,0.02564102564102564
No. 2619 frequently
3,6.602257972226501e-05,0,0.02564102564102564
No. 2626 straight
8,0.0001760602125927067,4,0.0007466865783087549
No. 2639 shadow
3,6.602257972226501e-05,0,0.02564102564102564
No. 2640 war
6,0.00013204515944453002,0,0.02564102564102564
No. 2644 brilliantly
4,8.803010629635335e-05,0,0.02564102564102564
No. 2645 handled
6,0.00013204515944453002,0,0.02564102564102564
No. 2657 encounter
5,0.00011003763287044168,0,0.02564102564102564
No. 2660 drug
4,8.803010629635335e-05,3,0.0005600149337315662
No. 2661 dealer
5,0.00011003763287044168,0,0.02564102564102564
No. 2672 reason
14,0.0003081053720372367,2,0.00037334328915437746
No. 2675 taken
10,0.00022007526574088337,0,0.02564102564102564
No. 2683 source
4,8.803010629635335e-05,0,0.02564102564102564
No. 2686 morphine
3,6.602257972226501e-05,2,0.00037334328915437746
No. 2688 leads
9,0.00019806773916679503,3,0.0005600149337315662
No. 2694 dilemma
3,6.602257972226501e-05,0,0.02564102564102564
No. 2698 generally
4,8.803010629635335e-05,2,0.00037334328915437746
No. 2699 filled
7,0.00015405268601861836,1,0.00018667164457718873
No. 2708 noticed
3,6.602257972226501e-05,0,0.02564102564102564
No. 2760 choices
8,0.0001760602125927067,0,0.02564102564102564
No. 2765 engrossing
3,6.602257972226501e-05,0,0.02564102564102564
No. 2771 deeper
6,0.00013204515944453002,1,0.00018667164457718873
No. 2775 hole
3,6.602257972226501e-05,0,0.02564102564102564
No. 2807 greatest
17,0.00037412795175950175,0,0.02564102564102564
No. 2814 merely
6,0.00013204515944453002,0,0.02564102564102564
No. 2825 shades
3,6.602257972226501e-05,0,0.02564102564102564
No. 2829 white
17,0.00037412795175950175,0,0.02564102564102564
No. 2838 blue
4,8.803010629635335e-05,0,0.02564102564102564
No. 2850 direction
11,0.00024208279231497173,6,0.0011200298674631324
No. 2868 bold
6,0.00013204515944453002,1,0.00018667164457718873
No. 2873 thought
38,0.0008362860098153569,4,0.0007466865783087549
No. 2884 month
4,8.803010629635335e-05,0,0.02564102564102564
No. 2891 caught
8,0.0001760602125927067,1,0.00018667164457718873
No. 2894 surprise
13,0.0002860978454631484,1,0.00018667164457718873
No. 2900 movie
17,0.00037412795175950175,2,0.00037334328915437746
No. 2906 lot
48,0.0010563612755562402,4,0.0007466865783087549
No. 2915 easily
7,0.00015405268601861836,0,0.02564102564102564
No. 2920 gave
12,0.00026409031888906004,0,0.02564102564102564
No. 2927 felt
31,0.0006822333237967385,6,0.0011200298674631324
No. 2935 game
20,0.00044015053148176674,3,0.0005600149337315662
No. 2937 thrones
9,0.00019806773916679503,0,0.02564102564102564
No. 2977 long
47,0.001034353748982152,5,0.0009333582228859437
No. 2980 must
25,0.0005501881643522084,2,0.00037334328915437746
No. 2994 wonder
11,0.00024208279231497173,1,0.00018667164457718873
No. 3000 working
9,0.00019806773916679503,1,0.00018667164457718873
No. 3010 may
24,0.0005281806377781201,3,0.0005600149337315662
No. 3012 considered
3,6.602257972226501e-05,0,0.02564102564102564
No. 3015 weak
3,6.602257972226501e-05,0,0.02564102564102564
No. 3028 awe
3,6.602257972226501e-05,0,0.02564102564102564
No. 3068 soon
7,0.00015405268601861836,0,0.02564102564102564
No. 3075 loose
3,6.602257972226501e-05,0,0.02564102564102564
No. 3088 par
4,8.803010629635335e-05,0,0.02564102564102564
No. 3101 fleshed
3,6.602257972226501e-05,0,0.02564102564102564
No. 3105 course
13,0.0002860978454631484,1,0.00018667164457718873
No. 3108 46
4,8.803010629635335e-05,0,0.02564102564102564
No. 3109 odd
7,0.00015405268601861836,1,0.00018667164457718873
No. 3110 minutes
17,0.00037412795175950175,4,0.0007466865783087549
No. 3119 brought
6,0.00013204515944453002,1,0.00018667164457718873
No. 3124 powerlessness
3,6.602257972226501e-05,0,0.02564102564102564
No. 3128 sometimes
16,0.0003521204251854134,0,0.02564102564102564
No. 3145 remember
8,0.0001760602125927067,0,0.02564102564102564
No. 3168 fun
6,0.00013204515944453002,0,0.02564102564102564
No. 3176 intense
22,0.00048416558462994347,0,0.02564102564102564
No. 3185 left
29,0.0006382182706485618,1,0.00018667164457718873
No. 3190 cliffhanger
10,0.00022007526574088337,3,0.0005600149337315662
No. 3203 offer
3,6.602257972226501e-05,1,0.00018667164457718873
No. 3206 position
5,0.00011003763287044168,0,0.02564102564102564
No. 3208 e
10,0.00022007526574088337,2,0.00037334328915437746
No. 3213 decide
5,0.00011003763287044168,0,0.02564102564102564
No. 3217 interest
4,8.803010629635335e-05,0,0.02564102564102564
No. 3224 hand
5,0.00011003763287044168,0,0.02564102564102564
No. 3228 moving
4,8.803010629635335e-05,0,0.02564102564102564
No. 3232 toward
3,6.602257972226501e-05,0,0.02564102564102564
No. 3240 deleting
3,6.602257972226501e-05,1,0.00018667164457718873
No. 3265 subplots
3,6.602257972226501e-05,0,0.02564102564102564
No. 3266 involving
7,0.00015405268601861836,1,0.00018667164457718873
No. 3276 mentioned
8,0.0001760602125927067,0,0.02564102564102564
No. 3290 inside
10,0.00022007526574088337,1,0.00018667164457718873
No. 3292 head
14,0.0003081053720372367,0,0.02564102564102564
No. 3311 leave
7,0.00015405268601861836,0,0.02564102564102564
No. 3350 puts
4,8.803010629635335e-05,1,0.00018667164457718873
No. 3355 tough
4,8.803010629635335e-05,0,0.02564102564102564
No. 3360 presented
5,0.00011003763287044168,0,0.02564102564102564
No. 3371 others
11,0.00024208279231497173,2,0.00037334328915437746
No. 3376 situation
11,0.00024208279231497173,0,0.02564102564102564
No. 3385 acts
5,0.00011003763287044168,0,0.02564102564102564
No. 3391 connected
4,8.803010629635335e-05,0,0.02564102564102564
No. 3398 actions
9,0.00019806773916679503,2,0.00037334328915437746
No. 3404 keeps
9,0.00019806773916679503,2,0.00037334328915437746
No. 3415 bizarre
3,6.602257972226501e-05,1,0.00018667164457718873
No. 3422 speaking
4,8.803010629635335e-05,0,0.02564102564102564
No. 3427 manner
4,8.803010629635335e-05,0,0.02564102564102564
No. 3439 hearing
3,6.602257972226501e-05,0,0.02564102564102564
No. 3467 paranoid
4,8.803010629635335e-05,0,0.02564102564102564
No. 3476 invest
3,6.602257972226501e-05,1,0.00018667164457718873
No. 3482 throughout
19,0.00041814300490767843,1,0.00018667164457718873
No. 3495 giving
9,0.00019806773916679503,1,0.00018667164457718873
No. 3497 environment
3,6.602257972226501e-05,0,0.02564102564102564
No. 3499 space
3,6.602257972226501e-05,1,0.00018667164457718873
No. 3501 presents
7,0.00015405268601861836,1,0.00018667164457718873
No. 3503 setting
14,0.0003081053720372367,1,0.00018667164457718873
No. 3506 old
7,0.00015405268601861836,1,0.00018667164457718873
No. 3512 streets
3,6.602257972226501e-05,0,0.02564102564102564
No. 3521 shift
3,6.602257972226501e-05,0,0.02564102564102564
No. 3524 tone
8,0.0001760602125927067,2,0.00037334328915437746
No. 3548 engaging
5,0.00011003763287044168,0,0.02564102564102564
No. 3554 issues
4,8.803010629635335e-05,0,0.02564102564102564
No. 3555 aside
5,0.00011003763287044168,0,0.02564102564102564
No. 3557 slight
3,6.602257972226501e-05,0,0.02564102564102564
No. 3571 effectively
3,6.602257972226501e-05,0,0.02564102564102564
No. 3574 audiences
4,8.803010629635335e-05,0,0.02564102564102564
No. 3578 large
4,8.803010629635335e-05,2,0.00037334328915437746
No. 3582 stakes
7,0.00015405268601861836,0,0.02564102564102564
No. 3593 chance
6,0.00013204515944453002,0,0.02564102564102564
No. 3597 revolution
3,6.602257972226501e-05,1,0.00018667164457718873
No. 3600 debts
3,6.602257972226501e-05,1,0.00018667164457718873
No. 3609 violent
7,0.00015405268601861836,0,0.02564102564102564
No. 3615 willing
5,0.00011003763287044168,0,0.02564102564102564
No. 3620 mission
7,0.00015405268601861836,0,0.02564102564102564
No. 3623 relationships
3,6.602257972226501e-05,0,0.02564102564102564
No. 3638 level
10,0.00022007526574088337,0,0.02564102564102564
No. 3676 swear
3,6.602257972226501e-05,0,0.02564102564102564
No. 3692 perfectly
18,0.00039613547833359006,0,0.02564102564102564
No. 3708 room
8,0.0001760602125927067,0,0.02564102564102564
No. 3729 goes
25,0.0005501881643522084,3,0.0005600149337315662
No. 3734 normal
7,0.00015405268601861836,3,0.0005600149337315662
No. 3760 experience
14,0.0003081053720372367,0,0.02564102564102564
No. 3764 change
12,0.00026409031888906004,3,0.0005600149337315662
No. 3769 parts
10,0.00022007526574088337,0,0.02564102564102564
No. 3777 joy
4,8.803010629635335e-05,0,0.02564102564102564
No. 3786 tyrells
7,0.00015405268601861836,0,0.02564102564102564
No. 3790 american
3,6.602257972226501e-05,0,0.02564102564102564
No. 3792 violence
6,0.00013204515944453002,1,0.00018667164457718873
No. 3796 plans
5,0.00011003763287044168,0,0.02564102564102564
No. 3800 planned
3,6.602257972226501e-05,0,0.02564102564102564
No. 3804 rather
24,0.0005281806377781201,0,0.02564102564102564
No. 3814 greetings
3,6.602257972226501e-05,0,0.02564102564102564
No. 3829 comes
18,0.00039613547833359006,2,0.00037334328915437746
No. 3832 mind
34,0.0007482559035190035,2,0.00037334328915437746
No. 3834 quickly
6,0.00013204515944453002,0,0.02564102564102564
No. 3844 superb
7,0.00015405268601861836,0,0.02564102564102564
No. 3857 involved
9,0.00019806773916679503,0,0.02564102564102564
No. 3862 kinda
5,0.00011003763287044168,0,0.02564102564102564
No. 3863 expected
8,0.0001760602125927067,1,0.00018667164457718873
No. 3886 usual
9,0.00019806773916679503,0,0.02564102564102564
No. 3900 type
7,0.00015405268601861836,1,0.00018667164457718873
No. 3961 tried
11,0.00024208279231497173,2,0.00037334328915437746
No. 3980 development
20,0.00044015053148176674,6,0.0011200298674631324
No. 3998 complete
11,0.00024208279231497173,2,0.00037334328915437746
No. 3999 control
19,0.00041814300490767843,1,0.00018667164457718873
No. 4005 lack
9,0.00019806773916679503,1,0.00018667164457718873
No. 4012 cto
4,8.803010629635335e-05,0,0.02564102564102564
No. 4018 shown
10,0.00022007526574088337,0,0.02564102564102564
No. 4044 illusion
4,8.803010629635335e-05,2,0.00037334328915437746
No. 4054 situations
4,8.803010629635335e-05,0,0.02564102564102564
No. 4063 sam
47,0.001034353748982152,1,0.00018667164457718873
No. 4078 lost
6,0.00013204515944453002,1,0.00018667164457718873
No. 4092 progresses
4,8.803010629635335e-05,0,0.02564102564102564
No. 4154 youve
6,0.00013204515944453002,0,0.02564102564102564
No. 4157 4
13,0.0002860978454631484,2,0.00037334328915437746
No. 4201 contains
8,0.0001760602125927067,0,0.02564102564102564
No. 4206 whats
12,0.00026409031888906004,2,0.00037334328915437746
No. 4247 process
7,0.00015405268601861836,0,0.02564102564102564
No. 4250 means
9,0.00019806773916679503,1,0.00018667164457718873
No. 4257 finale
39,0.0008582935363894452,1,0.00018667164457718873
No. 4262 begin
6,0.00013204515944453002,0,0.02564102564102564
No. 4266 early
4,8.803010629635335e-05,1,0.00018667164457718873
No. 4273 ending
31,0.0006822333237967385,3,0.0005600149337315662
No. 4281 hallucinations
7,0.00015405268601861836,0,0.02564102564102564
No. 4285 meaning
5,0.00011003763287044168,0,0.02564102564102564
No. 4288 rewatch
6,0.00013204515944453002,0,0.02564102564102564
No. 4300 chaotic
3,6.602257972226501e-05,1,0.00018667164457718873
No. 4301 confusing
11,0.00024208279231497173,1,0.00018667164457718873
No. 4322 questioning
6,0.00013204515944453002,0,0.02564102564102564
No. 4325 happening
4,8.803010629635335e-05,1,0.00018667164457718873
No. 4331 clues
6,0.00013204515944453002,0,0.02564102564102564
No. 4340 theme
10,0.00022007526574088337,2,0.00037334328915437746
No. 4341 portrayed
6,0.00013204515944453002,1,0.00018667164457718873
No. 4346 reality
10,0.00022007526574088337,1,0.00018667164457718873
No. 4351 considering
5,0.00011003763287044168,0,0.02564102564102564
No. 4353 scenes
45,0.0009903386958339752,8,0.0014933731566175099
No. 4360 another
40,0.0008803010629635335,5,0.0009333582228859437
No. 4383 paced
6,0.00013204515944453002,0,0.02564102564102564
No. 4387 create
5,0.00011003763287044168,0,0.02564102564102564
No. 4402 edge
10,0.00022007526574088337,1,0.00018667164457718873
No. 4405 seat
9,0.00019806773916679503,1,0.00018667164457718873
No. 4421 slowly
4,8.803010629635335e-05,0,0.02564102564102564
No. 4426 insight
7,0.00015405268601861836,0,0.02564102564102564
No. 4437 mrrobot
8,0.0001760602125927067,1,0.00018667164457718873
No. 4442 half
24,0.0005281806377781201,4,0.0007466865783087549
No. 4464 truly
19,0.00041814300490767843,1,0.00018667164457718873
No. 4473 opens
3,6.602257972226501e-05,1,0.00018667164457718873
No. 4486 finds
7,0.00015405268601861836,0,0.02564102564102564
No. 4499 execute
5,0.00011003763287044168,0,0.02564102564102564
No. 4502 within
7,0.00015405268601861836,0,0.02564102564102564
No. 4505 couple
13,0.0002860978454631484,3,0.0005600149337315662
No. 4507 unfortunately
2,4.4015053148176674e-05,4,0.0007466865783087549
No. 4509 withdrawal
3,6.602257972226501e-05,3,0.0005600149337315662
No. 4533 results
3,6.602257972226501e-05,0,0.02564102564102564
No. 4575 lasted
3,6.602257972226501e-05,0,0.02564102564102564
No. 4588 fairly
7,0.00015405268601861836,0,0.02564102564102564
No. 4595 boring
6,0.00013204515944453002,4,0.0007466865783087549
No. 4603 found
14,0.0003081053720372367,1,0.00018667164457718873
No. 4618 talking
21,0.0004621580580558551,1,0.00018667164457718873
No. 4634 elements
6,0.00013204515944453002,0,0.02564102564102564
No. 4637 needed
11,0.00024208279231497173,1,0.00018667164457718873
No. 4644 trentons
4,8.803010629635335e-05,0,0.02564102564102564
No. 4645 meeting
5,0.00011003763287044168,0,0.02564102564102564
No. 4648 army
30,0.0006602257972226502,1,0.00018667164457718873
No. 4657 happened
20,0.00044015053148176674,3,0.0005600149337315662
No. 4668 return
9,0.00019806773916679503,1,0.00018667164457718873
No. 4671 later
11,0.00024208279231497173,3,0.0005600149337315662
No. 4688 despite
16,0.0003521204251854134,2,0.00037334328915437746
No. 4696 pretty
19,0.00041814300490767843,5,0.0009333582228859437
No. 4704 oneshot
5,0.00011003763287044168,0,0.02564102564102564
No. 4707 awesome
5,0.00011003763287044168,0,0.02564102564102564
No. 4708 rated
4,8.803010629635335e-05,0,0.02564102564102564
No. 4711 low
6,0.00013204515944453002,0,0.02564102564102564
No. 4724 blowing
5,0.00011003763287044168,0,0.02564102564102564
No. 4749 specific
3,6.602257972226501e-05,0,0.02564102564102564
No. 4752 thinking
7,0.00015405268601861836,2,0.00037334328915437746
No. 4761 understand
21,0.0004621580580558551,1,0.00018667164457718873
No. 4772 guess
10,0.00022007526574088337,2,0.00037334328915437746
No. 4792 spent
7,0.00015405268601861836,1,0.00018667164457718873
No. 4798 focused
6,0.00013204515944453002,1,0.00018667164457718873
No. 4804 foot
3,6.602257972226501e-05,0,0.02564102564102564
No. 4817 coming
21,0.0004621580580558551,0,0.02564102564102564
No. 4825 storylines
3,6.602257972226501e-05,0,0.02564102564102564
No. 4827 minor
5,0.00011003763287044168,0,0.02564102564102564
No. 4831 computer
6,0.00013204515944453002,1,0.00018667164457718873
No. 4844 appreciate
6,0.00013204515944453002,1,0.00018667164457718873
No. 4846 bigger
9,0.00019806773916679503,1,0.00018667164457718873
No. 4847 picture
7,0.00015405268601861836,0,0.02564102564102564
No. 4849 stuff
10,0.00022007526574088337,0,0.02564102564102564
No. 4898 perfection
6,0.00013204515944453002,0,0.02564102564102564
No. 4922 weird
10,0.00022007526574088337,2,0.00037334328915437746
No. 4924 fast
7,0.00015405268601861836,2,0.00037334328915437746
No. 4927 enjoyed
9,0.00019806773916679503,1,0.00018667164457718873
No. 4938 slow
9,0.00019806773916679503,6,0.0011200298674631324
No. 4945 invested
3,6.602257972226501e-05,0,0.02564102564102564
No. 4956 dream
3,6.602257972226501e-05,0,0.02564102564102564
No. 4959 incredibly
8,0.0001760602125927067,2,0.00037334328915437746
No. 4960 creative
5,0.00011003763287044168,0,0.02564102564102564
No. 4961 creepy
4,8.803010629635335e-05,1,0.00018667164457718873
No. 4968 favorite
13,0.0002860978454631484,0,0.02564102564102564
No. 4976 tense
18,0.00039613547833359006,0,0.02564102564102564
No. 4977 thrilling
13,0.0002860978454631484,0,0.02564102564102564
No. 4981 slower
4,8.803010629635335e-05,2,0.00037334328915437746
No. 5016 drama
11,0.00024208279231497173,0,0.02564102564102564
No. 5028 steel
5,0.00011003763287044168,0,0.02564102564102564
No. 5029 mountain
5,0.00011003763287044168,1,0.00018667164457718873
No. 5032 wonderfully
3,6.602257972226501e-05,0,0.02564102564102564
No. 5034 beautifully
3,6.602257972226501e-05,0,0.02564102564102564
No. 5047 aspects
8,0.0001760602125927067,0,0.02564102564102564
No. 5068 expect
7,0.00015405268601861836,1,0.00018667164457718873
No. 5079 stories
4,8.803010629635335e-05,1,0.00018667164457718873
No. 5080 shayla
6,0.00013204515944453002,1,0.00018667164457718873
No. 5094 schemes
3,6.602257972226501e-05,0,0.02564102564102564
No. 5101 news
8,0.0001760602125927067,0,0.02564102564102564
No. 5113 father
24,0.0005281806377781201,1,0.00018667164457718873
No. 5147 sad
8,0.0001760602125927067,0,0.02564102564102564
No. 5149 angry
6,0.00013204515944453002,0,0.02564102564102564
No. 5165 potential
6,0.00013204515944453002,1,0.00018667164457718873
No. 5167 losing
3,6.602257972226501e-05,0,0.02564102564102564
No. 5220 degree
3,6.602257972226501e-05,0,0.02564102564102564
No. 5232 plus
3,6.602257972226501e-05,0,0.02564102564102564
No. 5248 inner
5,0.00011003763287044168,1,0.00018667164457718873
No. 5255 instead
15,0.0003301128986113251,2,0.00037334328915437746
No. 5258 built
6,0.00013204515944453002,0,0.02564102564102564
No. 5283 near
6,0.00013204515944453002,1,0.00018667164457718873
No. 5303 camera
11,0.00024208279231497173,1,0.00018667164457718873
No. 5306 sound
4,8.803010629635335e-05,0,0.02564102564102564
No. 5311 captured
3,6.602257972226501e-05,0,0.02564102564102564
No. 5338 thinks
4,8.803010629635335e-05,0,0.02564102564102564
No. 5340 leaving
5,0.00011003763287044168,0,0.02564102564102564
No. 5345 reconsider
3,6.602257972226501e-05,0,0.02564102564102564
No. 5347 decision
7,0.00015405268601861836,0,0.02564102564102564
No. 5368 door
4,8.803010629635335e-05,0,0.02564102564102564
No. 5386 tries
7,0.00015405268601861836,2,0.00037334328915437746
No. 5405 effort
7,0.00015405268601861836,1,0.00018667164457718873
No. 5406 creates
5,0.00011003763287044168,0,0.02564102564102564
No. 5421 equal
5,0.00011003763287044168,0,0.02564102564102564
No. 5428 utterly
3,6.602257972226501e-05,0,0.02564102564102564
No. 5434 opposition
3,6.602257972226501e-05,0,0.02564102564102564
No. 5446 increasingly
4,8.803010629635335e-05,2,0.00037334328915437746
No. 5447 dangerous
6,0.00013204515944453002,0,0.02564102564102564
No. 5451 awkward
5,0.00011003763287044168,2,0.00037334328915437746
No. 5453 meanwhile
4,8.803010629635335e-05,0,0.02564102564102564
No. 5464 goal
5,0.00011003763287044168,0,0.02564102564102564
No. 5479 effective
4,8.803010629635335e-05,0,0.02564102564102564
No. 5481 antagonist
3,6.602257972226501e-05,1,0.00018667164457718873
No. 5494 meet
6,0.00013204515944453002,0,0.02564102564102564
No. 5497 office
3,6.602257972226501e-05,0,0.02564102564102564
No. 5500 walking
3,6.602257972226501e-05,0,0.02564102564102564
No. 5506 contrast
8,0.0001760602125927067,0,0.02564102564102564
No. 5534 vague
1,2.2007526574088337e-05,3,0.0005600149337315662
No. 5535 party
4,8.803010629635335e-05,0,0.02564102564102564
No. 5540 revealed
10,0.00022007526574088337,1,0.00018667164457718873
No. 5544 friendly
3,6.602257972226501e-05,0,0.02564102564102564
No. 5553 oddly
4,8.803010629635335e-05,0,0.02564102564102564
No. 5560 leading
10,0.00022007526574088337,1,0.00018667164457718873
No. 5566 relationship
10,0.00022007526574088337,1,0.00018667164457718873
No. 5576 name
7,0.00015405268601861836,0,0.02564102564102564
No. 5578 recent
12,0.00026409031888906004,2,0.00037334328915437746
No. 5579 past
10,0.00022007526574088337,0,0.02564102564102564
No. 5584 changes
6,0.00013204515944453002,1,0.00018667164457718873
No. 5603 note
6,0.00013204515944453002,0,0.02564102564102564
No. 5613 soundtrack
10,0.00022007526574088337,1,0.00018667164457718873
No. 5637 background
4,8.803010629635335e-05,0,0.02564102564102564
No. 5641 explains
3,6.602257972226501e-05,0,0.02564102564102564
No. 5652 cover
7,0.00015405268601861836,1,0.00018667164457718873
No. 5654 tracks
3,6.602257972226501e-05,0,0.02564102564102564
No. 5662 play
10,0.00022007526574088337,0,0.02564102564102564
No. 5674 otherwise
3,6.602257972226501e-05,0,0.02564102564102564
No. 5706 wellick
11,0.00024208279231497173,0,0.02564102564102564
No. 5748 moss
3,6.602257972226501e-05,0,0.02564102564102564
No. 5756 chinese
6,0.00013204515944453002,0,0.02564102564102564
No. 5757 crew
4,8.803010629635335e-05,0,0.02564102564102564
No. 5758 wanted
10,0.00022007526574088337,1,0.00018667164457718873
No. 5769 chaos
9,0.00019806773916679503,0,0.02564102564102564
No. 5776 necessary
7,0.00015405268601861836,2,0.00037334328915437746
No. 5787 wont
14,0.0003081053720372367,2,0.00037334328915437746
No. 5796 mess
4,8.803010629635335e-05,2,0.00037334328915437746
No. 5802 wish
7,0.00015405268601861836,0,0.02564102564102564
No. 5815 highlights
3,6.602257972226501e-05,0,0.02564102564102564
No. 5828 3
31,0.0006822333237967385,1,0.00018667164457718873
No. 5838 girl
4,8.803010629635335e-05,0,0.02564102564102564
No. 5841 decent
4,8.803010629635335e-05,0,0.02564102564102564
No. 5843 middle
5,0.00011003763287044168,1,0.00018667164457718873
No. 5850 blood
4,8.803010629635335e-05,0,0.02564102564102564
No. 5885 bond
3,6.602257972226501e-05,0,0.02564102564102564
No. 5923 fate
4,8.803010629635335e-05,0,0.02564102564102564
No. 5934 cannot
12,0.00026409031888906004,1,0.00018667164457718873
No. 5935 live
9,0.00019806773916679503,2,0.00037334328915437746
No. 5939 routine
3,6.602257972226501e-05,2,0.00037334328915437746
No. 5954 using
9,0.00019806773916679503,0,0.02564102564102564
No. 5962 living
4,8.803010629635335e-05,0,0.02564102564102564
No. 5968 framing
4,8.803010629635335e-05,0,0.02564102564102564
No. 6006 crazy
15,0.0003301128986113251,2,0.00037334328915437746
No. 6019 place
11,0.00024208279231497173,0,0.02564102564102564
No. 6027 childhood
5,0.00011003763287044168,0,0.02564102564102564
No. 6036 kept
15,0.0003301128986113251,2,0.00037334328915437746
No. 6043 state
8,0.0001760602125927067,0,0.02564102564102564
No. 6073 peace
3,6.602257972226501e-05,0,0.02564102564102564
No. 6077 upon
6,0.00013204515944453002,0,0.02564102564102564
No. 6080 shall
4,8.803010629635335e-05,0,0.02564102564102564
No. 6093 worst
5,0.00011003763287044168,3,0.0005600149337315662
No. 6104 goodness
6,0.00013204515944453002,0,0.02564102564102564
No. 6110 safe
3,6.602257972226501e-05,1,0.00018667164457718873
No. 6163 surprising
9,0.00019806773916679503,0,0.02564102564102564
No. 6164 redemption
3,6.602257972226501e-05,0,0.02564102564102564
No. 6181 terms
6,0.00013204515944453002,0,0.02564102564102564
No. 6183 building
16,0.0003521204251854134,2,0.00037334328915437746
No. 6188 angelas
17,0.00037412795175950175,2,0.00037334328915437746
No. 6199 nothing
21,0.0004621580580558551,7,0.0013067015120403211
No. 6205 stunning
17,0.00037412795175950175,0,0.02564102564102564
No. 6206 masterpiece
22,0.00048416558462994347,0,0.02564102564102564
No. 6225 chess
2,4.4015053148176674e-05,4,0.0007466865783087549
No. 6232 pacing
7,0.00015405268601861836,1,0.00018667164457718873
No. 6235 phenomenal
8,0.0001760602125927067,0,0.02564102564102564
No. 6248 dropped
3,6.602257972226501e-05,0,0.02564102564102564
No. 6251 floor
6,0.00013204515944453002,0,0.02564102564102564
No. 6257 vera
9,0.00019806773916679503,0,0.02564102564102564
No. 6271 hack
15,0.0003301128986113251,4,0.0007466865783087549
No. 6275 jail
9,0.00019806773916679503,0,0.02564102564102564
No. 6278 day
11,0.00024208279231497173,3,0.0005600149337315662
No. 6295 perform
3,6.602257972226501e-05,0,0.02564102564102564
No. 6304 pressure
4,8.803010629635335e-05,0,0.02564102564102564
No. 6325 twists
14,0.0003081053720372367,1,0.00018667164457718873
No. 6346 favourite
6,0.00013204515944453002,1,0.00018667164457718873
No. 6353 however
22,0.00048416558462994347,7,0.0013067015120403211
No. 6368 years
10,0.00022007526574088337,0,0.02564102564102564
No. 6371 shes
6,0.00013204515944453002,4,0.0007466865783087549
No. 6404 conflict
4,8.803010629635335e-05,0,0.02564102564102564
No. 6421 shocking
13,0.0002860978454631484,2,0.00037334328915437746
No. 6442 everybody
4,8.803010629635335e-05,0,0.02564102564102564
No. 6443 knows
14,0.0003081053720372367,1,0.00018667164457718873
No. 6464 save
5,0.00011003763287044168,0,0.02564102564102564
No. 6475 idea
14,0.0003081053720372367,3,0.0005600149337315662
No. 6478 driving
3,6.602257972226501e-05,0,0.02564102564102564
No. 6490 closer
6,0.00013204515944453002,0,0.02564102564102564
No. 6501 suddenly
6,0.00013204515944453002,0,0.02564102564102564
No. 6504 huge
10,0.00022007526574088337,0,0.02564102564102564
No. 6509 totally
10,0.00022007526574088337,2,0.00037334328915437746
No. 6528 ask
9,0.00019806773916679503,1,0.00018667164457718873
No. 6530 sixth
3,6.602257972226501e-05,0,0.02564102564102564
No. 6532 starts
10,0.00022007526574088337,0,0.02564102564102564
No. 6540 figure
8,0.0001760602125927067,0,0.02564102564102564
No. 6547 minute
9,0.00019806773916679503,0,0.02564102564102564
No. 6562 answer
11,0.00024208279231497173,0,0.02564102564102564
No. 6569 thriller
3,6.602257972226501e-05,2,0.00037334328915437746
No. 6584 prison
12,0.00026409031888906004,1,0.00018667164457718873
No. 6589 appearances
4,8.803010629635335e-05,0,0.02564102564102564
No. 6591 slowing
3,6.602257972226501e-05,0,0.02564102564102564
No. 6599 helping
6,0.00013204515944453002,0,0.02564102564102564
No. 6608 worth
10,0.00022007526574088337,0,0.02564102564102564
No. 6623 hour
10,0.00022007526574088337,0,0.02564102564102564
No. 6629 shine
4,8.803010629635335e-05,0,0.02564102564102564
No. 6660 human
5,0.00011003763287044168,0,0.02564102564102564
No. 6664 blend
3,6.602257972226501e-05,0,0.02564102564102564
No. 6700 hold
4,8.803010629635335e-05,1,0.00018667164457718873
No. 6708 beat
7,0.00015405268601861836,1,0.00018667164457718873
No. 6709 hard
20,0.00044015053148176674,2,0.00037334328915437746
No. 6748 1010
10,0.00022007526574088337,0,0.02564102564102564
No. 6778 lets
12,0.00026409031888906004,1,0.00018667164457718873
No. 6780 talk
11,0.00024208279231497173,1,0.00018667164457718873
No. 6785 hopefully
7,0.00015405268601861836,0,0.02564102564102564
No. 6790 prove
3,6.602257972226501e-05,0,0.02564102564102564
No. 6796 terrific
3,6.602257972226501e-05,0,0.02564102564102564
No. 6802 6
4,8.803010629635335e-05,2,0.00037334328915437746
No. 6824 enjoy
9,0.00019806773916679503,3,0.0005600149337315662
No. 6836 mood
7,0.00015405268601861836,1,0.00018667164457718873
No. 6855 isnt
24,0.0005281806377781201,3,0.0005600149337315662
No. 6859 superbly
3,6.602257972226501e-05,1,0.00018667164457718873
No. 6882 solid
4,8.803010629635335e-05,1,0.00018667164457718873
No. 6889 screenplay
12,0.00026409031888906004,1,0.00018667164457718873
No. 6911 chapter
3,6.602257972226501e-05,0,0.02564102564102564
No. 6924 escape
3,6.602257972226501e-05,0,0.02564102564102564
No. 6929 proves
3,6.602257972226501e-05,1,0.00018667164457718873
No. 6945 delivers
7,0.00015405268601861836,3,0.0005600149337315662
No. 6979 battles
3,6.602257972226501e-05,0,0.02564102564102564
No. 6986 realizes
3,6.602257972226501e-05,0,0.02564102564102564
No. 6987 whos
4,8.803010629635335e-05,0,0.02564102564102564
No. 6993 theres
18,0.00039613547833359006,4,0.0007466865783087549
No. 7003 friends
5,0.00011003763287044168,0,0.02564102564102564
No. 7031 barely
3,6.602257972226501e-05,1,0.00018667164457718873
No. 7044 anyway
3,6.602257972226501e-05,0,0.02564102564102564
No. 7054 high
18,0.00039613547833359006,0,0.02564102564102564
No. 7055 risk
4,8.803010629635335e-05,1,0.00018667164457718873
No. 7070 occasionally
4,8.803010629635335e-05,0,0.02564102564102564
No. 7072 less
17,0.00037412795175950175,2,0.00037334328915437746
No. 7086 actors
15,0.0003301128986113251,0,0.02564102564102564
No. 7096 smooth
3,6.602257972226501e-05,0,0.02564102564102564
No. 7112 moments
18,0.00039613547833359006,3,0.0005600149337315662
No. 7132 nicely
4,8.803010629635335e-05,0,0.02564102564102564
No. 7135 highlight
5,0.00011003763287044168,1,0.00018667164457718873
No. 7155 forth
4,8.803010629635335e-05,0,0.02564102564102564
No. 7157 neither
7,0.00015405268601861836,0,0.02564102564102564
No. 7203 storytelling
5,0.00011003763287044168,0,0.02564102564102564
No. 7207 created
7,0.00015405268601861836,0,0.02564102564102564
No. 7216 care
3,6.602257972226501e-05,0,0.02564102564102564
No. 7229 besides
3,6.602257972226501e-05,2,0.00037334328915437746
No. 7231 suspense
5,0.00011003763287044168,0,0.02564102564102564
No. 7255 gun
3,6.602257972226501e-05,1,0.00018667164457718873
No. 7258 someone
16,0.0003521204251854134,0,0.02564102564102564
No. 7288 opinion
10,0.00022007526574088337,1,0.00018667164457718873
No. 7298 resolve
3,6.602257972226501e-05,0,0.02564102564102564
No. 7311 taking
11,0.00024208279231497173,0,0.02564102564102564
No. 7363 issue
5,0.00011003763287044168,1,0.00018667164457718873
No. 7366 resolved
3,6.602257972226501e-05,0,0.02564102564102564
No. 7390 pieces
6,0.00013204515944453002,1,0.00018667164457718873
No. 7410 resolution
5,0.00011003763287044168,0,0.02564102564102564
No. 7428 stay
3,6.602257972226501e-05,3,0.0005600149337315662
No. 7447 known
4,8.803010629635335e-05,0,0.02564102564102564
No. 7458 intentions
3,6.602257972226501e-05,0,0.02564102564102564
No. 7472 colby
4,8.803010629635335e-05,0,0.02564102564102564
No. 7477 mother
6,0.00013204515944453002,0,0.02564102564102564
No. 7489 desperately
4,8.803010629635335e-05,0,0.02564102564102564
No. 7498 full
13,0.0002860978454631484,2,0.00037334328915437746
No. 7503 eventually
5,0.00011003763287044168,0,0.02564102564102564
No. 7516 earlier
3,6.602257972226501e-05,1,0.00018667164457718873
No. 7540 important
14,0.0003081053720372367,1,0.00018667164457718873
No. 7543 journey
4,8.803010629635335e-05,0,0.02564102564102564
No. 7571 continues
12,0.00026409031888906004,2,0.00037334328915437746
No. 7573 ends
8,0.0001760602125927067,1,0.00018667164457718873
No. 7670 remaining
3,6.602257972226501e-05,1,0.00018667164457718873
No. 7671 body
4,8.803010629635335e-05,0,0.02564102564102564
No. 7677 points
5,0.00011003763287044168,0,0.02564102564102564
No. 7694 charge
3,6.602257972226501e-05,0,0.02564102564102564
No. 7721 verse
4,8.803010629635335e-05,0,0.02564102564102564
No. 7732 taste
5,0.00011003763287044168,0,0.02564102564102564
No. 7734 death
12,0.00026409031888906004,0,0.02564102564102564
No. 7739 paid
3,6.602257972226501e-05,1,0.00018667164457718873
No. 7763 indeed
4,8.803010629635335e-05,1,0.00018667164457718873
No. 7784 family
13,0.0002860978454631484,0,0.02564102564102564
No. 7790 koran
3,6.602257972226501e-05,0,0.02564102564102564
No. 7806 dramatic
5,0.00011003763287044168,0,0.02564102564102564
No. 7813 certainly
10,0.00022007526574088337,2,0.00037334328915437746
No. 7828 stellar
3,6.602257972226501e-05,0,0.02564102564102564
No. 7838 ended
12,0.00026409031888906004,1,0.00018667164457718873
No. 7865 demonstrates
3,6.602257972226501e-05,0,0.02564102564102564
No. 7879 share
3,6.602257972226501e-05,0,0.02564102564102564
No. 7890 conversation
4,8.803010629635335e-05,3,0.0005600149337315662
No. 7903 possibly
7,0.00015405268601861836,0,0.02564102564102564
No. 7917 falling
4,8.803010629635335e-05,0,0.02564102564102564
No. 7924 seemed
18,0.00039613547833359006,0,0.02564102564102564
No. 7935 powerful
8,0.0001760602125927067,1,0.00018667164457718873
No. 7954 turn
7,0.00015405268601861836,1,0.00018667164457718873
No. 7956 events
15,0.0003301128986113251,0,0.02564102564102564
No. 8009 progress
7,0.00015405268601861836,0,0.02564102564102564
No. 8023 focus
7,0.00015405268601861836,1,0.00018667164457718873
No. 8029 mistakes
3,6.602257972226501e-05,2,0.00037334328915437746
No. 8061 spoilers
5,0.00011003763287044168,0,0.02564102564102564
No. 8064 reveals
12,0.00026409031888906004,0,0.02564102564102564
No. 8072 meets
5,0.00011003763287044168,1,0.00018667164457718873
No. 8118 rarely
3,6.602257972226501e-05,0,0.02564102564102564
No. 8119 hear
4,8.803010629635335e-05,0,0.02564102564102564
No. 8146 step
3,6.602257972226501e-05,0,0.02564102564102564
No. 8149 investigation
6,0.00013204515944453002,0,0.02564102564102564
No. 8154 killing
10,0.00022007526574088337,0,0.02564102564102564
No. 8158 hands
3,6.602257972226501e-05,0,0.02564102564102564
No. 8177 thrill
5,0.00011003763287044168,0,0.02564102564102564
No. 8193 krista
4,8.803010629635335e-05,0,0.02564102564102564
No. 8195 tells
6,0.00013204515944453002,0,0.02564102564102564
No. 8213 amazed
3,6.602257972226501e-05,1,0.00018667164457718873
No. 8219 bring
6,0.00013204515944453002,0,0.02564102564102564
No. 8242 missing
4,8.803010629635335e-05,1,0.00018667164457718873
No. 8274 ready
3,6.602257972226501e-05,0,0.02564102564102564
No. 8279 rose
13,0.0002860978454631484,0,0.02564102564102564
No. 8285 mental
6,0.00013204515944453002,1,0.00018667164457718873
No. 8286 recovery
3,6.602257972226501e-05,0,0.02564102564102564
No. 8287 program
3,6.602257972226501e-05,0,0.02564102564102564
No. 8293 event
6,0.00013204515944453002,1,0.00018667164457718873
No. 8305 cope
3,6.602257972226501e-05,0,0.02564102564102564
No. 8360 bits
3,6.602257972226501e-05,0,0.02564102564102564
No. 8431 fascinating
5,0.00011003763287044168,0,0.02564102564102564
No. 8442 wife
11,0.00024208279231497173,1,0.00018667164457718873
No. 8445 cat
3,6.602257972226501e-05,0,0.02564102564102564
No. 8448 fashion
4,8.803010629635335e-05,1,0.00018667164457718873
No. 8450 result
3,6.602257972226501e-05,0,0.02564102564102564
No. 8452 equally
3,6.602257972226501e-05,1,0.00018667164457718873
No. 8485 surreal
4,8.803010629635335e-05,0,0.02564102564102564
No. 8486 effect
3,6.602257972226501e-05,0,0.02564102564102564
No. 8580 feelings
4,8.803010629635335e-05,0,0.02564102564102564
No. 8611 unlike
4,8.803010629635335e-05,1,0.00018667164457718873
No. 8634 running
5,0.00011003763287044168,1,0.00018667164457718873
No. 8640 never
38,0.0008362860098153569,3,0.0005600149337315662
No. 8641 catch
5,0.00011003763287044168,0,0.02564102564102564
No. 8661 knowles
5,0.00011003763287044168,0,0.02564102564102564
No. 8666 scott
3,6.602257972226501e-05,0,0.02564102564102564
No. 8695 murder
3,6.602257972226501e-05,0,0.02564102564102564
No. 8704 whose
4,8.803010629635335e-05,1,0.00018667164457718873
No. 8709 serves
3,6.602257972226501e-05,0,0.02564102564102564
No. 8729 reveal
22,0.00048416558462994347,1,0.00018667164457718873
No. 8739 questions
35,0.0007702634300930919,1,0.00018667164457718873
No. 8780 surprises
6,0.00013204515944453002,0,0.02564102564102564
No. 8781 ahead
3,6.602257972226501e-05,1,0.00018667164457718873
No. 8788 piece
7,0.00015405268601861836,0,0.02564102564102564
No. 8792 together
14,0.0003081053720372367,2,0.00037334328915437746
No. 8854 granted
3,6.602257972226501e-05,0,0.02564102564102564
No. 8875 meta
6,0.00013204515944453002,1,0.00018667164457718873
No. 8878 beautiful
25,0.0005501881643522084,0,0.02564102564102564
No. 8896 asking
5,0.00011003763287044168,0,0.02564102564102564
No. 8908 knew
3,6.602257972226501e-05,1,0.00018667164457718873
No. 8914 strange
16,0.0003521204251854134,2,0.00037334328915437746
No. 8954 realizing
4,8.803010629635335e-05,0,0.02564102564102564
No. 9050 obvious
9,0.00019806773916679503,2,0.00037334328915437746
No. 9054 consider
4,8.803010629635335e-05,0,0.02564102564102564
No. 9056 possibility
5,0.00011003763287044168,0,0.02564102564102564
No. 9062 ultimately
7,0.00015405268601861836,1,0.00018667164457718873
No. 9088 whiterose
36,0.0007922709566671801,0,0.02564102564102564
No. 9093 disappoint
4,8.803010629635335e-05,0,0.02564102564102564
No. 9097 fall
8,0.0001760602125927067,1,0.00018667164457718873
No. 9107 fallout
3,6.602257972226501e-05,0,0.02564102564102564
No. 9112 confusion
4,8.803010629635335e-05,1,0.00018667164457718873
No. 9113 brings
6,0.00013204515944453002,1,0.00018667164457718873
No. 9116 conclusion
8,0.0001760602125927067,0,0.02564102564102564
No. 9135 breath
4,8.803010629635335e-05,0,0.02564102564102564
No. 9161 roller
3,6.602257972226501e-05,0,0.02564102564102564
No. 9162 coaster
3,6.602257972226501e-05,0,0.02564102564102564
No. 9186 answers
16,0.0003521204251854134,0,0.02564102564102564
No. 9196 members
6,0.00013204515944453002,0,0.02564102564102564
No. 9219 behind
10,0.00022007526574088337,2,0.00037334328915437746
No. 9226 purpose
5,0.00011003763287044168,0,0.02564102564102564
No. 9229 nobody
3,6.602257972226501e-05,2,0.00037334328915437746
No. 9273 highest
3,6.602257972226501e-05,0,0.02564102564102564
No. 9301 simply
14,0.0003081053720372367,4,0.0007466865783087549
No. 9325 always
35,0.0007702634300930919,4,0.0007466865783087549
No. 9328 enjoyable
3,6.602257972226501e-05,0,0.02564102564102564
No. 9371 surprised
11,0.00024208279231497173,0,0.02564102564102564
No. 9428 secrets
4,8.803010629635335e-05,0,0.02564102564102564
No. 9443 five
3,6.602257972226501e-05,0,0.02564102564102564
No. 9446 blow
7,0.00015405268601861836,0,0.02564102564102564
No. 9447 minds
3,6.602257972226501e-05,0,0.02564102564102564
No. 9453 unravel
3,6.602257972226501e-05,0,0.02564102564102564
No. 9531 ride
5,0.00011003763287044168,0,0.02564102564102564
No. 9548 seemingly
7,0.00015405268601861836,1,0.00018667164457718873
No. 9553 field
3,6.602257972226501e-05,0,0.02564102564102564
No. 9562 shock
7,0.00015405268601861836,0,0.02564102564102564
No. 9581 delusions
3,6.602257972226501e-05,0,0.02564102564102564
No. 9587 ecorp
12,0.00026409031888906004,0,0.02564102564102564
No. 9601 sister
5,0.00011003763287044168,2,0.00037334328915437746
No. 9616 likely
7,0.00015405268601861836,0,0.02564102564102564
No. 9694 parallel
5,0.00011003763287044168,0,0.02564102564102564
No. 9721 providing
4,8.803010629635335e-05,1,0.00018667164457718873
No. 9739 imaginary
3,6.602257972226501e-05,0,0.02564102564102564
No. 9761 leaves
6,0.00013204515944453002,2,0.00037334328915437746
No. 9767 impact
6,0.00013204515944453002,0,0.02564102564102564
No. 9792 realise
5,0.00011003763287044168,0,0.02564102564102564
No. 9796 capable
4,8.803010629635335e-05,0,0.02564102564102564
No. 9798 playing
9,0.00019806773916679503,2,0.00037334328915437746
No. 9831 performances
5,0.00011003763287044168,3,0.0005600149337315662
No. 9839 technically
3,6.602257972226501e-05,0,0.02564102564102564
No. 9843 impressive
5,0.00011003763287044168,1,0.00018667164457718873
No. 9857 scenario
4,8.803010629635335e-05,0,0.02564102564102564
No. 9938 spectacular
5,0.00011003763287044168,0,0.02564102564102564
No. 9951 act
5,0.00011003763287044168,0,0.02564102564102564
No. 9954 realized
4,8.803010629635335e-05,0,0.02564102564102564
No. 9967 history
11,0.00024208279231497173,1,0.00018667164457718873
No. 9999 reviewer
3,6.602257972226501e-05,0,0.02564102564102564
No. 10008 films
4,8.803010629635335e-05,0,0.02564102564102564
No. 10019 believe
15,0.0003301128986113251,2,0.00037334328915437746
No. 10033 miss
10,0.00022007526574088337,0,0.02564102564102564
No. 10046 went
15,0.0003301128986113251,1,0.00018667164457718873
No. 10096 water
5,0.00011003763287044168,0,0.02564102564102564
No. 10124 higher
3,6.602257972226501e-05,0,0.02564102564102564
No. 10125 bar
7,0.00015405268601861836,1,0.00018667164457718873
No. 10132 angles
3,6.602257972226501e-05,1,0.00018667164457718873
No. 10148 entertainment
3,6.602257972226501e-05,1,0.00018667164457718873
No. 10166 keeping
6,0.00013204515944453002,1,0.00018667164457718873
No. 10224 frame
6,0.00013204515944453002,0,0.02564102564102564
No. 10255 begins
7,0.00015405268601861836,0,0.02564102564102564
No. 10268 focuses
3,6.602257972226501e-05,0,0.02564102564102564
No. 10293 peculiar
4,8.803010629635335e-05,1,0.00018667164457718873
No. 10300 brief
4,8.803010629635335e-05,0,0.02564102564102564
No. 10307 track
4,8.803010629635335e-05,0,0.02564102564102564
No. 10324 proved
3,6.602257972226501e-05,0,0.02564102564102564
No. 10344 interact
3,6.602257972226501e-05,1,0.00018667164457718873
No. 10357 actual
5,0.00011003763287044168,1,0.00018667164457718873
No. 10360 attempting
3,6.602257972226501e-05,0,0.02564102564102564
No. 10362 push
3,6.602257972226501e-05,1,0.00018667164457718873
No. 10409 desperate
3,6.602257972226501e-05,1,0.00018667164457718873
No. 10483 editing
3,6.602257972226501e-05,0,0.02564102564102564
No. 10486 perspective
4,8.803010629635335e-05,0,0.02564102564102564
No. 10511 insane
8,0.0001760602125927067,2,0.00037334328915437746
No. 10569 aspect
8,0.0001760602125927067,1,0.00018667164457718873
No. 10580 biggest
3,6.602257972226501e-05,0,0.02564102564102564
No. 10602 emotional
10,0.00022007526574088337,0,0.02564102564102564
No. 10603 sequences
4,8.803010629635335e-05,3,0.0005600149337315662
No. 10618 dad
4,8.803010629635335e-05,0,0.02564102564102564
No. 10646 trust
10,0.00022007526574088337,1,0.00018667164457718873
No. 10677 order
6,0.00013204515944453002,1,0.00018667164457718873
No. 10716 present
4,8.803010629635335e-05,0,0.02564102564102564
No. 10737 insanely
4,8.803010629635335e-05,1,0.00018667164457718873
No. 10766 edward
3,6.602257972226501e-05,0,0.02564102564102564
No. 10811 revealing
6,0.00013204515944453002,0,0.02564102564102564
No. 10816 till
4,8.803010629635335e-05,0,0.02564102564102564
No. 10845 id
5,0.00011003763287044168,0,0.02564102564102564
No. 10847 rate
3,6.602257972226501e-05,1,0.00018667164457718873
No. 10854 finales
3,6.602257972226501e-05,0,0.02564102564102564
No. 10867 imagine
7,0.00015405268601861836,1,0.00018667164457718873
No. 10885 project
3,6.602257972226501e-05,0,0.02564102564102564
No. 10889 gonna
15,0.0003301128986113251,0,0.02564102564102564
No. 10909 madness
3,6.602257972226501e-05,0,0.02564102564102564
No. 10957 die
10,0.00022007526574088337,0,0.02564102564102564
No. 10992 becoming
6,0.00013204515944453002,2,0.00037334328915437746
No. 11000 somehow
5,0.00011003763287044168,2,0.00037334328915437746
No. 11029 answered
4,8.803010629635335e-05,0,0.02564102564102564
No. 11035 combination
3,6.602257972226501e-05,0,0.02564102564102564
No. 11070 speculations
3,6.602257972226501e-05,0,0.02564102564102564
No. 11088 grace
5,0.00011003763287044168,0,0.02564102564102564
No. 11140 discovers
4,8.803010629635335e-05,0,0.02564102564102564
No. 11142 flaw
3,6.602257972226501e-05,0,0.02564102564102564
No. 11181 memorable
7,0.00015405268601861836,1,0.00018667164457718873
No. 11225 nearly
4,8.803010629635335e-05,1,0.00018667164457718873
No. 11229 turns
5,0.00011003763287044168,1,0.00018667164457718873
No. 11233 ball
3,6.602257972226501e-05,0,0.02564102564102564
No. 11245 gone
9,0.00019806773916679503,2,0.00037334328915437746
No. 11261 physical
3,6.602257972226501e-05,0,0.02564102564102564
No. 11305 serve
3,6.602257972226501e-05,1,0.00018667164457718873
No. 11310 closing
5,0.00011003763287044168,0,0.02564102564102564
No. 11328 falls
3,6.602257972226501e-05,0,0.02564102564102564
No. 11332 gripping
7,0.00015405268601861836,0,0.02564102564102564
No. 11347 sort
13,0.0002860978454631484,0,0.02564102564102564
No. 11356 week
16,0.0003521204251854134,0,0.02564102564102564
No. 11369 threw
3,6.602257972226501e-05,0,0.02564102564102564
No. 11407 flashback
6,0.00013204515944453002,1,0.00018667164457718873
No. 11413 mention
8,0.0001760602125927067,2,0.00037334328915437746
No. 11506 cool
3,6.602257972226501e-05,1,0.00018667164457718873
No. 11600 holes
4,8.803010629635335e-05,0,0.02564102564102564
No. 11722 write
7,0.00015405268601861836,1,0.00018667164457718873
No. 11725 review
19,0.00041814300490767843,3,0.0005600149337315662
No. 11746 flawless
8,0.0001760602125927067,0,0.02564102564102564
No. 11758 looks
5,0.00011003763287044168,0,0.02564102564102564
No. 11763 learns
3,6.602257972226501e-05,0,0.02564102564102564
No. 11791 song
3,6.602257972226501e-05,0,0.02564102564102564
No. 11821 read
3,6.602257972226501e-05,2,0.00037334328915437746
No. 11873 confused
8,0.0001760602125927067,1,0.00018667164457718873
No. 11886 9
5,0.00011003763287044168,2,0.00037334328915437746
No. 11901 honest
3,6.602257972226501e-05,0,0.02564102564102564
No. 11947 planning
3,6.602257972226501e-05,0,0.02564102564102564
No. 11957 whatever
6,0.00013204515944453002,0,0.02564102564102564
No. 11974 unanswered
4,8.803010629635335e-05,1,0.00018667164457718873
No. 12087 aftermath
6,0.00013204515944453002,1,0.00018667164457718873
No. 12151 depiction
3,6.602257972226501e-05,0,0.02564102564102564
No. 12155 year
10,0.00022007526574088337,0,0.02564102564102564
No. 12156 zero
4,8.803010629635335e-05,0,0.02564102564102564
No. 12194 mean
13,0.0002860978454631484,3,0.0005600149337315662
No. 12210 putting
5,0.00011003763287044168,0,0.02564102564102564
No. 12213 context
7,0.00015405268601861836,0,0.02564102564102564
No. 12226 lacked
3,6.602257972226501e-05,0,0.02564102564102564
No. 12308 monologue
8,0.0001760602125927067,1,0.00018667164457718873
No. 12362 darkest
4,8.803010629635335e-05,0,0.02564102564102564
No. 12425 provide
4,8.803010629635335e-05,0,0.02564102564102564
No. 12475 expecting
10,0.00022007526574088337,0,0.02564102564102564
No. 12488 government
3,6.602257972226501e-05,0,0.02564102564102564
No. 12525 deeply
7,0.00015405268601861836,0,0.02564102564102564
No. 12526 frustrated
3,6.602257972226501e-05,0,0.02564102564102564
No. 12537 pointless
2,4.4015053148176674e-05,3,0.0005600149337315662
No. 12574 due
7,0.00015405268601861836,0,0.02564102564102564
No. 12587 tragedy
3,6.602257972226501e-05,0,0.02564102564102564
No. 12590 rewatched
3,6.602257972226501e-05,0,0.02564102564102564
No. 12599 mysteries
3,6.602257972226501e-05,0,0.02564102564102564
No. 12624 structure
3,6.602257972226501e-05,0,0.02564102564102564
No. 12635 longer
3,6.602257972226501e-05,1,0.00018667164457718873
No. 12662 hell
7,0.00015405268601861836,2,0.00037334328915437746
No. 12681 shooting
3,6.602257972226501e-05,1,0.00018667164457718873
No. 12751 runtime
3,6.602257972226501e-05,0,0.02564102564102564
No. 12764 initially
3,6.602257972226501e-05,0,0.02564102564102564
No. 12812 evidence
6,0.00013204515944453002,0,0.02564102564102564
No. 12914 compelling
5,0.00011003763287044168,0,0.02564102564102564
No. 12925 setup
5,0.00011003763287044168,1,0.00018667164457718873
No. 12952 blew
3,6.602257972226501e-05,0,0.02564102564102564
No. 12975 ambiguity
3,6.602257972226501e-05,0,0.02564102564102564
No. 13004 raised
6,0.00013204515944453002,0,0.02564102564102564
No. 13007 honestly
11,0.00024208279231497173,1,0.00018667164457718873
No. 13011 final
16,0.0003521204251854134,2,0.00037334328915437746
No. 13014 directed
6,0.00013204515944453002,0,0.02564102564102564
No. 13124 memory
5,0.00011003763287044168,1,0.00018667164457718873
No. 13137 upset
3,6.602257972226501e-05,0,0.02564102564102564
No. 13179 memories
6,0.00013204515944453002,0,0.02564102564102564
No. 13248 split
3,6.602257972226501e-05,1,0.00018667164457718873
No. 13264 met
7,0.00015405268601861836,0,0.02564102564102564
No. 13276 differently
3,6.602257972226501e-05,0,0.02564102564102564
No. 13307 mobley
11,0.00024208279231497173,0,0.02564102564102564
No. 13309 romero
5,0.00011003763287044168,0,0.02564102564102564
No. 13333 explain
4,8.803010629635335e-05,0,0.02564102564102564
No. 13338 illness
3,6.602257972226501e-05,0,0.02564102564102564
No. 13417 killed
5,0.00011003763287044168,0,0.02564102564102564
No. 13434 score
6,0.00013204515944453002,1,0.00018667164457718873
No. 13447 changed
6,0.00013204515944453002,0,0.02564102564102564
No. 13459 corner
4,8.803010629635335e-05,0,0.02564102564102564
No. 13468 centre
4,8.803010629635335e-05,0,0.02564102564102564
No. 13498 unless
3,6.602257972226501e-05,0,0.02564102564102564
No. 13502 visual
2,4.4015053148176674e-05,3,0.0005600149337315662
No. 13506 provides
3,6.602257972226501e-05,0,0.02564102564102564
No. 13516 missed
4,8.803010629635335e-05,1,0.00018667164457718873
No. 13562 faith
5,0.00011003763287044168,0,0.02564102564102564
No. 13732 damn
6,0.00013204515944453002,0,0.02564102564102564
No. 13871 machine
4,8.803010629635335e-05,1,0.00018667164457718873
No. 13921 3rd
4,8.803010629635335e-05,0,0.02564102564102564
No. 13949 8
4,8.803010629635335e-05,0,0.02564102564102564
No. 13982 major
13,0.0002860978454631484,0,0.02564102564102564
No. 14006 arcade
3,6.602257972226501e-05,1,0.00018667164457718873
No. 14019 answering
4,8.803010629635335e-05,0,0.02564102564102564
No. 14030 piano
3,6.602257972226501e-05,0,0.02564102564102564
No. 14044 adds
4,8.803010629635335e-05,1,0.00018667164457718873
No. 14135 ten
1,2.2007526574088337e-05,3,0.0005600149337315662
No. 14141 revelations
7,0.00015405268601861836,0,0.02564102564102564
No. 14150 self
3,6.602257972226501e-05,0,0.02564102564102564
No. 14227 thanks
5,0.00011003763287044168,0,0.02564102564102564
No. 14257 doubleday
7,0.00015405268601861836,1,0.00018667164457718873
No. 14361 4th
3,6.602257972226501e-05,0,0.02564102564102564
No. 14381 amount
5,0.00011003763287044168,1,0.00018667164457718873
No. 14447 detail
8,0.0001760602125927067,0,0.02564102564102564
No. 14449 eliot
8,0.0001760602125927067,2,0.00037334328915437746
No. 14464 fathers
3,6.602257972226501e-05,0,0.02564102564102564
No. 14487 ideas
3,6.602257972226501e-05,0,0.02564102564102564
No. 14506 concrete
3,6.602257972226501e-05,0,0.02564102564102564
No. 14536 clear
7,0.00015405268601861836,1,0.00018667164457718873
No. 14577 sitting
5,0.00011003763287044168,0,0.02564102564102564
No. 14583 access
7,0.00015405268601861836,0,0.02564102564102564
No. 14607 adore
3,6.602257972226501e-05,0,0.02564102564102564
No. 14616 monologues
3,6.602257972226501e-05,0,0.02564102564102564
No. 14625 appear
3,6.602257972226501e-05,0,0.02564102564102564
No. 14642 slightly
6,0.00013204515944453002,2,0.00037334328915437746
No. 14648 details
4,8.803010629635335e-05,2,0.00037334328915437746
No. 14677 premiere
22,0.00048416558462994347,2,0.00037334328915437746
No. 14689 entertaining
5,0.00011003763287044168,2,0.00037334328915437746
No. 14704 fitting
3,6.602257972226501e-05,1,0.00018667164457718873
No. 14836 defeat
5,0.00011003763287044168,0,0.02564102564102564
No. 14838 alter
4,8.803010629635335e-05,0,0.02564102564102564
No. 14839 ego
3,6.602257972226501e-05,0,0.02564102564102564
No. 14965 hate
4,8.803010629635335e-05,0,0.02564102564102564
No. 14983 clich
3,6.602257972226501e-05,0,0.02564102564102564
No. 15056 overrated
1,2.2007526574088337e-05,4,0.0007466865783087549
No. 15062 buildup
3,6.602257972226501e-05,2,0.00037334328915437746
No. 15065 depth
4,8.803010629635335e-05,1,0.00018667164457718873
No. 15122 significant
3,6.602257972226501e-05,0,0.02564102564102564
No. 15129 plots
4,8.803010629635335e-05,1,0.00018667164457718873
No. 15168 hallucination
2,4.4015053148176674e-05,5,0.0009333582228859437
No. 15201 consistent
3,6.602257972226501e-05,2,0.00037334328915437746
No. 15280 joanna
16,0.0003521204251854134,1,0.00018667164457718873
No. 15285 appeared
3,6.602257972226501e-05,0,0.02564102564102564
No. 15292 particularly
8,0.0001760602125927067,3,0.0005600149337315662
No. 15308 satisfying
10,0.00022007526574088337,0,0.02564102564102564
No. 15340 particular
6,0.00013204515944453002,0,0.02564102564102564
No. 15390 small
5,0.00011003763287044168,2,0.00037334328915437746
No. 15494 props
3,6.602257972226501e-05,0,0.02564102564102564
No. 15502 cinematic
8,0.0001760602125927067,0,0.02564102564102564
No. 15511 lynch
6,0.00013204515944453002,0,0.02564102564102564
No. 15512 film
8,0.0001760602125927067,0,0.02564102564102564
No. 15517 disturbing
11,0.00024208279231497173,0,0.02564102564102564
No. 15527 curious
3,6.602257972226501e-05,1,0.00018667164457718873
No. 15533 nature
5,0.00011003763287044168,0,0.02564102564102564
No. 15553 bland
3,6.602257972226501e-05,0,0.02564102564102564
No. 15641 lynchian
4,8.803010629635335e-05,0,0.02564102564102564
No. 15642 imagery
4,8.803010629635335e-05,0,0.02564102564102564
No. 15647 uncomfortable
4,8.803010629635335e-05,0,0.02564102564102564
No. 15657 montage
3,6.602257972226501e-05,1,0.00018667164457718873
No. 15669 ray
32,0.0007042408503708268,1,0.00018667164457718873
No. 15702 f
3,6.602257972226501e-05,1,0.00018667164457718873
No. 15785 store
4,8.803010629635335e-05,1,0.00018667164457718873
No. 15854 constant
4,8.803010629635335e-05,1,0.00018667164457718873
No. 15856 angle
3,6.602257972226501e-05,1,0.00018667164457718873
No. 15865 pryce
3,6.602257972226501e-05,0,0.02564102564102564
No. 15924 acted
5,0.00011003763287044168,0,0.02564102564102564
No. 15987 movement
3,6.602257972226501e-05,0,0.02564102564102564
No. 16001 single
9,0.00019806773916679503,0,0.02564102564102564
No. 16015 extremely
6,0.00013204515944453002,2,0.00037334328915437746
No. 16064 word
7,0.00015405268601861836,0,0.02564102564102564
No. 16066 says
6,0.00013204515944453002,0,0.02564102564102564
No. 16115 anxiety
4,8.803010629635335e-05,0,0.02564102564102564
No. 16146 easier
3,6.602257972226501e-05,0,0.02564102564102564
No. 16199 unexpected
5,0.00011003763287044168,1,0.00018667164457718873
No. 16241 tie
3,6.602257972226501e-05,0,0.02564102564102564
No. 16249 horror
4,8.803010629635335e-05,1,0.00018667164457718873
No. 16294 fill
4,8.803010629635335e-05,0,0.02564102564102564
No. 16297 gaps
3,6.602257972226501e-05,0,0.02564102564102564
No. 16333 dipierro
7,0.00015405268601861836,0,0.02564102564102564
No. 16339 eye
4,8.803010629635335e-05,0,0.02564102564102564
No. 16345 appreciated
4,8.803010629635335e-05,1,0.00018667164457718873
No. 16393 fully
4,8.803010629635335e-05,0,0.02564102564102564
No. 16420 fbi
27,0.0005942032175003852,0,0.02564102564102564
No. 16421 travel
3,6.602257972226501e-05,0,0.02564102564102564
No. 16423 china
14,0.0003081053720372367,0,0.02564102564102564
No. 16525 count
4,8.803010629635335e-05,1,0.00018667164457718873
No. 16578 battle
4,8.803010629635335e-05,0,0.02564102564102564
No. 16614 allows
3,6.602257972226501e-05,0,0.02564102564102564
No. 16701 dominiques
5,0.00011003763287044168,0,0.02564102564102564
No. 16703 heads
4,8.803010629635335e-05,0,0.02564102564102564
No. 16709 rays
8,0.0001760602125927067,0,0.02564102564102564
No. 16717 trigger
3,6.602257972226501e-05,0,0.02564102564102564
No. 16718 warnings
3,6.602257972226501e-05,0,0.02564102564102564
No. 16729 incompetence
3,6.602257972226501e-05,0,0.02564102564102564
No. 16739 romance
3,6.602257972226501e-05,0,0.02564102564102564
No. 16744 run
4,8.803010629635335e-05,1,0.00018667164457718873
No. 16763 constantly
4,8.803010629635335e-05,0,0.02564102564102564
No. 16788 59
4,8.803010629635335e-05,0,0.02564102564102564
No. 16805 minister
5,0.00011003763287044168,0,0.02564102564102564
No. 16808 security
5,0.00011003763287044168,2,0.00037334328915437746
No. 16815 zhang
10,0.00022007526574088337,0,0.02564102564102564
No. 16837 price
15,0.0003301128986113251,0,0.02564102564102564
No. 16849 dominique
29,0.0006382182706485618,0,0.02564102564102564
No. 16921 mask
7,0.00015405268601861836,0,0.02564102564102564
No. 16980 regret
3,6.602257972226501e-05,0,0.02564102564102564
No. 16998 brother
4,8.803010629635335e-05,0,0.02564102564102564
No. 17022 thankfully
3,6.602257972226501e-05,0,0.02564102564102564
No. 17033 ollie
4,8.803010629635335e-05,0,0.02564102564102564
No. 17044 happy
5,0.00011003763287044168,2,0.00037334328915437746
No. 17053 plant
6,0.00013204515944453002,0,0.02564102564102564
No. 17071 potentially
3,6.602257972226501e-05,0,0.02564102564102564
No. 17102 growing
3,6.602257972226501e-05,0,0.02564102564102564
No. 17107 problem
6,0.00013204515944453002,4,0.0007466865783087549
No. 17177 wall
3,6.602257972226501e-05,0,0.02564102564102564
No. 17194 dreams
3,6.602257972226501e-05,0,0.02564102564102564
No. 17237 rt
3,6.602257972226501e-05,0,0.02564102564102564
No. 17263 market
4,8.803010629635335e-05,0,0.02564102564102564
No. 17299 call
6,0.00013204515944453002,2,0.00037334328915437746
No. 17329 walls
3,6.602257972226501e-05,0,0.02564102564102564
No. 17391 wondering
4,8.803010629635335e-05,0,0.02564102564102564
No. 17406 forced
4,8.803010629635335e-05,1,0.00018667164457718873
No. 17414 grand
3,6.602257972226501e-05,0,0.02564102564102564
No. 17458 sent
4,8.803010629635335e-05,1,0.00018667164457718873
No. 17504 somewhere
4,8.803010629635335e-05,1,0.00018667164457718873
No. 17543 hasnt
5,0.00011003763287044168,1,0.00018667164457718873
No. 17670 agent
7,0.00015405268601861836,0,0.02564102564102564
No. 17723 delightful
3,6.602257972226501e-05,0,0.02564102564102564
No. 17773 15
4,8.803010629635335e-05,1,0.00018667164457718873
No. 17790 move
11,0.00024208279231497173,1,0.00018667164457718873
No. 17795 genre
4,8.803010629635335e-05,0,0.02564102564102564
No. 17825 90s
4,8.803010629635335e-05,0,0.02564102564102564
No. 17826 sitcom
8,0.0001760602125927067,0,0.02564102564102564
No. 17977 ballsy
3,6.602257972226501e-05,0,0.02564102564102564
No. 18025 humour
3,6.602257972226501e-05,0,0.02564102564102564
No. 18077 drag
3,6.602257972226501e-05,1,0.00018667164457718873
No. 18087 10
14,0.0003081053720372367,1,0.00018667164457718873
No. 18095 comedy
3,6.602257972226501e-05,0,0.02564102564102564
No. 18098 executed
3,6.602257972226501e-05,1,0.00018667164457718873
No. 18123 mentions
4,8.803010629635335e-05,0,0.02564102564102564
No. 18171 filler
5,0.00011003763287044168,2,0.00037334328915437746
No. 18206 wonderful
5,0.00011003763287044168,0,0.02564102564102564
No. 18259 ratio
4,8.803010629635335e-05,0,0.02564102564102564
No. 18314 ramis
4,8.803010629635335e-05,0,0.02564102564102564
No. 18322 surrounding
3,6.602257972226501e-05,0,0.02564102564102564
No. 18357 darlenes
7,0.00015405268601861836,1,0.00018667164457718873
No. 18611 struck
4,8.803010629635335e-05,1,0.00018667164457718873
No. 18853 fantasy
3,6.602257972226501e-05,0,0.02564102564102564
No. 18877 entire
30,0.0006602257972226502,1,0.00018667164457718873
No. 18973 sweet
3,6.602257972226501e-05,1,0.00018667164457718873
No. 19057 appears
5,0.00011003763287044168,0,0.02564102564102564
No. 19110 mom
6,0.00013204515944453002,0,0.02564102564102564
No. 19222 window
3,6.602257972226501e-05,0,0.02564102564102564
No. 19357 began
4,8.803010629635335e-05,0,0.02564102564102564
No. 19371 attempt
4,8.803010629635335e-05,0,0.02564102564102564
No. 19479 finish
5,0.00011003763287044168,1,0.00018667164457718873
No. 19525 hit
9,0.00019806773916679503,0,0.02564102564102564
No. 19559 outside
6,0.00013204515944453002,1,0.00018667164457718873
No. 19581 gummer
3,6.602257972226501e-05,0,0.02564102564102564
No. 19619 transition
3,6.602257972226501e-05,0,0.02564102564102564
No. 19701 vibe
3,6.602257972226501e-05,1,0.00018667164457718873
No. 19741 bailout
3,6.602257972226501e-05,0,0.02564102564102564
No. 19777 agents
3,6.602257972226501e-05,0,0.02564102564102564
No. 19801 reminded
4,8.803010629635335e-05,2,0.00037334328915437746
No. 19811 theory
7,0.00015405268601861836,0,0.02564102564102564
No. 19867 layers
4,8.803010629635335e-05,0,0.02564102564102564
No. 19931 creating
4,8.803010629635335e-05,0,0.02564102564102564
No. 20017 general
5,0.00011003763287044168,0,0.02564102564102564
No. 20019 cried
5,0.00011003763287044168,0,0.02564102564102564
No. 20347 forgot
3,6.602257972226501e-05,1,0.00018667164457718873
No. 20416 cinematically
3,6.602257972226501e-05,1,0.00018667164457718873
No. 20438 teasing
4,8.803010629635335e-05,0,0.02564102564102564
No. 20458 entirely
4,8.803010629635335e-05,0,0.02564102564102564
No. 20512 stage
15,0.0003301128986113251,1,0.00018667164457718873
No. 20517 leon
6,0.00013204515944453002,1,0.00018667164457718873
No. 20634 certain
3,6.602257972226501e-05,0,0.02564102564102564
No. 20698 home
6,0.00013204515944453002,0,0.02564102564102564
No. 20810 hidden
5,0.00011003763287044168,0,0.02564102564102564
No. 20939 website
3,6.602257972226501e-05,0,0.02564102564102564
No. 21134 anymore
3,6.602257972226501e-05,1,0.00018667164457718873
No. 21202 convinced
4,8.803010629635335e-05,0,0.02564102564102564
No. 21297 section
3,6.602257972226501e-05,0,0.02564102564102564
No. 21323 crap
3,6.602257972226501e-05,4,0.0007466865783087549
No. 21341 dom
14,0.0003081053720372367,0,0.02564102564102564
No. 21379 jesus
3,6.602257972226501e-05,0,0.02564102564102564
No. 21445 pure
5,0.00011003763287044168,2,0.00037334328915437746
No. 21452 thank
6,0.00013204515944453002,0,0.02564102564102564
No. 21465 brazil
3,6.602257972226501e-05,0,0.02564102564102564
No. 21585 boy
4,8.803010629635335e-05,0,0.02564102564102564
No. 21612 topic
5,0.00011003763287044168,0,0.02564102564102564
No. 21727 moved
3,6.602257972226501e-05,0,0.02564102564102564
No. 21832 gifts
5,0.00011003763287044168,0,0.02564102564102564
No. 21937 prices
3,6.602257972226501e-05,0,0.02564102564102564
No. 22031 files
5,0.00011003763287044168,0,0.02564102564102564
No. 22056 matter
6,0.00013204515944453002,1,0.00018667164457718873
No. 22264 cause
7,0.00015405268601861836,0,0.02564102564102564
No. 22287 months
4,8.803010629635335e-05,0,0.02564102564102564
No. 22423 intrigued
4,8.803010629635335e-05,0,0.02564102564102564
No. 22460 emotion
4,8.803010629635335e-05,1,0.00018667164457718873
No. 22542 box
3,6.602257972226501e-05,0,0.02564102564102564
No. 22555 brilliance
4,8.803010629635335e-05,0,0.02564102564102564
No. 22568 pool
3,6.602257972226501e-05,0,0.02564102564102564
No. 22606 light
5,0.00011003763287044168,2,0.00037334328915437746
No. 22615 pulled
3,6.602257972226501e-05,0,0.02564102564102564
No. 22655 creator
3,6.602257972226501e-05,0,0.02564102564102564
No. 22708 cuts
3,6.602257972226501e-05,0,0.02564102564102564
No. 22727 lighting
4,8.803010629635335e-05,0,0.02564102564102564
No. 22904 worked
6,0.00013204515944453002,0,0.02564102564102564
No. 23136 trenton
7,0.00015405268601861836,0,0.02564102564102564
No. 23160 cisco
8,0.0001760602125927067,0,0.02564102564102564
No. 23394 arent
4,8.803010629635335e-05,1,0.00018667164457718873
No. 23426 susan
5,0.00011003763287044168,0,0.02564102564102564
No. 23462 kill
4,8.803010629635335e-05,1,0.00018667164457718873
No. 23793 messages
5,0.00011003763287044168,0,0.02564102564102564
No. 24108 connect
9,0.00019806773916679503,0,0.02564102564102564
No. 24122 significance
3,6.602257972226501e-05,0,0.02564102564102564
No. 24166 recap
3,6.602257972226501e-05,0,0.02564102564102564
No. 24261 except
3,6.602257972226501e-05,1,0.00018667164457718873
No. 24264 obviously
3,6.602257972226501e-05,0,0.02564102564102564
No. 24316 dynamic
3,6.602257972226501e-05,0,0.02564102564102564
No. 24433 nuclear
3,6.602257972226501e-05,0,0.02564102564102564
No. 24477 apartment
3,6.602257972226501e-05,0,0.02564102564102564
No. 24569 whistle
3,6.602257972226501e-05,0,0.02564102564102564
No. 24669 died
5,0.00011003763287044168,0,0.02564102564102564
No. 25076 forgetting
3,6.602257972226501e-05,0,0.02564102564102564
No. 25090 deals
6,0.00013204515944453002,0,0.02564102564102564
No. 25383 waiting
4,8.803010629635335e-05,2,0.00037334328915437746
No. 25395 managed
3,6.602257972226501e-05,0,0.02564102564102564
No. 25413 climax
7,0.00015405268601861836,0,0.02564102564102564
No. 25470 exactly
8,0.0001760602125927067,1,0.00018667164457718873
No. 25701 beyond
9,0.00019806773916679503,0,0.02564102564102564
No. 25901 induced
3,6.602257972226501e-05,0,0.02564102564102564
No. 26388 100
3,6.602257972226501e-05,1,0.00018667164457718873
No. 26542 doms
5,0.00011003763287044168,0,0.02564102564102564
No. 26553 loneliness
3,6.602257972226501e-05,0,0.02564102564102564
No. 26627 finding
4,8.803010629635335e-05,1,0.00018667164457718873
No. 26734 cryptic
3,6.602257972226501e-05,0,0.02564102564102564
No. 27169 interrogation
4,8.803010629635335e-05,0,0.02564102564102564
No. 27235 relevant
3,6.602257972226501e-05,1,0.00018667164457718873
No. 27238 unpredictable
7,0.00015405268601861836,0,0.02564102564102564
No. 27349 joey
3,6.602257972226501e-05,0,0.02564102564102564
No. 27381 addition
3,6.602257972226501e-05,0,0.02564102564102564
No. 27440 grateful
3,6.602257972226501e-05,0,0.02564102564102564
No. 27906 atmosphere
6,0.00013204515944453002,1,0.00018667164457718873
No. 27916 art
7,0.00015405268601861836,0,0.02564102564102564
No. 28164 delivered
4,8.803010629635335e-05,0,0.02564102564102564
No. 28328 bobby
7,0.00015405268601861836,0,0.02564102564102564
No. 28330 irving
12,0.00026409031888906004,0,0.02564102564102564
No. 28341 social
2,4.4015053148176674e-05,3,0.0005600149337315662
No. 28357 cannavale
5,0.00011003763287044168,0,0.02564102564102564
No. 28675 undo
4,8.803010629635335e-05,0,0.02564102564102564
No. 28686 script
4,8.803010629635335e-05,0,0.02564102564102564
No. 28829 reset
4,8.803010629635335e-05,0,0.02564102564102564
No. 29163 today
5,0.00011003763287044168,0,0.02564102564102564
No. 29558 red
3,6.602257972226501e-05,0,0.02564102564102564
No. 29615 philip
5,0.00011003763287044168,0,0.02564102564102564
No. 30125 individual
3,6.602257972226501e-05,1,0.00018667164457718873
No. 30181 visit
3,6.602257972226501e-05,0,0.02564102564102564
No. 30529 phillip
5,0.00011003763287044168,0,0.02564102564102564
No. 30573 masterclass
4,8.803010629635335e-05,0,0.02564102564102564
No. 30697 followed
3,6.602257972226501e-05,0,0.02564102564102564
No. 30821 cameo
3,6.602257972226501e-05,0,0.02564102564102564
No. 31269 nbc
6,0.00013204515944453002,0,0.02564102564102564
No. 31279 trump
6,0.00013204515944453002,0,0.02564102564102564
No. 31290 russia
3,6.602257972226501e-05,0,0.02564102564102564
No. 31291 biden
3,6.602257972226501e-05,0,0.02564102564102564
No. 31310 hyped
6,0.00013204515944453002,0,0.02564102564102564
No. 31497 sigh
3,6.602257972226501e-05,0,0.02564102564102564
No. 31509 danger
6,0.00013204515944453002,0,0.02564102564102564
No. 31549 stop
5,0.00011003763287044168,2,0.00037334328915437746
No. 31792 youre
6,0.00013204515944453002,1,0.00018667164457718873
No. 31813 ozymandias
4,8.803010629635335e-05,0,0.02564102564102564
No. 32549 period
3,6.602257972226501e-05,0,0.02564102564102564
No. 33272 fking
5,0.00011003763287044168,0,0.02564102564102564
No. 33384 production
3,6.602257972226501e-05,0,0.02564102564102564
No. 33468 mac
4,8.803010629635335e-05,0,0.02564102564102564
No. 33469 quayle
4,8.803010629635335e-05,0,0.02564102564102564
No. 33607 exciting
3,6.602257972226501e-05,0,0.02564102564102564
No. 34046 5
3,6.602257972226501e-05,0,0.02564102564102564
No. 34228 surpassed
4,8.803010629635335e-05,0,0.02564102564102564
No. 34656 achievement
3,6.602257972226501e-05,0,0.02564102564102564
No. 34820 wrote
3,6.602257972226501e-05,1,0.00018667164457718873
No. 35562 deception
3,6.602257972226501e-05,0,0.02564102564102564
No. 35874 brutal
3,6.602257972226501e-05,0,0.02564102564102564
No. 36337 broken
3,6.602257972226501e-05,0,0.02564102564102564
No. 37016 stands
3,6.602257972226501e-05,0,0.02564102564102564
No. 37246 natural
3,6.602257972226501e-05,0,0.02564102564102564
No. 37288 critical
3,6.602257972226501e-05,1,0.00018667164457718873
No. 37439 plenty
3,6.602257972226501e-05,0,0.02564102564102564
No. 37858 grief
3,6.602257972226501e-05,0,0.02564102564102564
No. 38029 similarly
3,6.602257972226501e-05,0,0.02564102564102564
No. 38651 onto
3,6.602257972226501e-05,1,0.00018667164457718873
No. 39381 delete
3,6.602257972226501e-05,0,0.02564102564102564
No. 39916 scared
3,6.602257972226501e-05,0,0.02564102564102564
No. 40227 grant
6,0.00013204515944453002,0,0.02564102564102564
No. 40622 witness
3,6.602257972226501e-05,0,0.02564102564102564
No. 41658 barn
5,0.00011003763287044168,0,0.02564102564102564
No. 42075 turned
2,4.4015053148176674e-05,3,0.0005600149337315662
No. 42160 santiago
3,6.602257972226501e-05,0,0.02564102564102564
No. 46011 smart
0,0.0033333333333333335,4,0.0007466865783087549
No. 47030 sex
0,0.0033333333333333335,4,0.0007466865783087549
